partiesfile version 1
446 446
 1 0 0 p_main_party Main_Party 1048576 0 0 14 0 0 0 0 0 17.000000 52.500000 17.000000 52.500000 17.000000 52.500000 0.0 1 0 1 0 0 
0.000000
 1 1 1 p_temp_party {!}temp_party 256 0 0 1 0 0 0 0 0 0.000000 0.000000 0.000000 0.000000 0.000000 0.000000 0.0 0 
0.000000
 1 2 2 p_camp_bandits {!}camp_bandits 256 0 0 2 0 0 0 0 0 1.000000 1.000000 1.000000 1.000000 1.000000 1.000000 0.0 1 3 3 0 0 
0.000000
 1 3 3 p_temp_party_2 {!}temp_party_2 256 0 0 1 0 0 0 0 0 0.000000 0.000000 0.000000 0.000000 0.000000 0.000000 0.0 0 
0.000000
 1 4 4 p_temp_casualties {!}casualties 256 0 0 4 0 0 0 0 0 1.000000 1.000000 1.000000 1.000000 1.000000 1.000000 0.0 0 
0.000000
 1 5 5 p_temp_casualties_2 {!}casualties 256 0 0 4 0 0 0 0 0 1.000000 1.000000 1.000000 1.000000 1.000000 1.000000 0.0 0 
0.000000
 1 6 6 p_temp_casualties_3 {!}casualties 256 0 0 4 0 0 0 0 0 1.000000 1.000000 1.000000 1.000000 1.000000 1.000000 0.0 0 
0.000000
 1 7 7 p_temp_wounded {!}enemies_wounded 256 0 0 4 0 0 0 0 0 1.000000 1.000000 1.000000 1.000000 1.000000 1.000000 0.0 0 
0.000000
 1 8 8 p_temp_killed {!}enemies_killed 256 0 0 4 0 0 0 0 0 1.000000 1.000000 1.000000 1.000000 1.000000 1.000000 0.0 0 
0.000000
 1 9 9 p_main_party_backup {!}_ 256 0 0 4 0 0 0 0 0 1.000000 1.000000 1.000000 1.000000 1.000000 1.000000 0.0 0 
0.000000
 1 10 10 p_encountered_party_backup {!}_ 256 0 0 4 0 0 0 0 0 1.000000 1.000000 1.000000 1.000000 1.000000 1.000000 0.0 0 
0.000000
 1 11 11 p_collective_friends_backup {!}_ 256 0 0 4 0 0 0 0 0 1.000000 1.000000 1.000000 1.000000 1.000000 1.000000 0.0 0 
0.000000
 1 12 12 p_player_casualties {!}_ 256 0 0 4 0 0 0 0 0 1.000000 1.000000 1.000000 1.000000 1.000000 1.000000 0.0 0 
0.000000
 1 13 13 p_enemy_casualties {!}_ 256 0 0 4 0 0 0 0 0 1.000000 1.000000 1.000000 1.000000 1.000000 1.000000 0.0 0 
0.000000
 1 14 14 p_ally_casualties {!}_ 256 0 0 4 0 0 0 0 0 1.000000 1.000000 1.000000 1.000000 1.000000 1.000000 0.0 0 
0.000000
 1 15 15 p_collective_enemy {!}collective_enemy 256 0 0 4 0 0 0 0 0 1.000000 1.000000 1.000000 1.000000 1.000000 1.000000 0.0 0 
0.000000
 1 16 16 p_collective_ally {!}collective_ally 256 0 0 4 0 0 0 0 0 1.000000 1.000000 1.000000 1.000000 1.000000 1.000000 0.0 0 
0.000000
 1 17 17 p_collective_friends {!}collective_ally 256 0 0 4 0 0 0 0 0 1.000000 1.000000 1.000000 1.000000 1.000000 1.000000 0.0 0 
0.000000
 1 18 18 p_total_enemy_casualties {!}_ 256 0 0 4 0 0 0 0 0 1.000000 1.000000 1.000000 1.000000 1.000000 1.000000 0.0 0 
0.000000
 1 19 19 p_routed_enemies {!}routed_enemies 256 0 0 4 0 0 0 0 0 1.000000 1.000000 1.000000 1.000000 1.000000 1.000000 0.0 0 
0.000000
 1 20 20 p_zendar Zendar 2114828 0 0 4 0 0 0 0 0 18.000000 60.000000 18.000000 60.000000 18.000000 60.000000 0.0 0 
0.000000
 1 21 21 p_town_1 Warszawa 4219917 0 0 4 0 0 0 0 0 76.000000 6.000000 76.000000 6.000000 76.000000 6.000000 0.0 0 
2.094395
 1 22 22 p_town_2 Lublin 4219916 0 0 4 0 0 0 0 0 109.000000 -35.260000 109.000000 -35.260000 109.000000 -35.260000 0.0 0 
2.967060
 1 23 23 p_town_3 Kraków 4219917 0 0 4 0 0 0 0 0 9.420000 -92.810000 9.420000 -92.810000 9.420000 -92.810000 0.0 0 
1.396263
 1 24 24 p_town_4 Wilno 4219916 0 0 4 0 0 0 0 0 157.000000 105.000000 157.000000 105.000000 157.000000 105.000000 0.0 0 
5.061455
 1 25 25 p_town_5 Ryga 4219916 0 0 4 0 0 0 0 0 127.000000 185.000000 127.000000 185.000000 127.000000 185.000000 0.0 0 
3.054326
 1 26 26 p_town_6 Gdańsk 4219917 0 0 4 0 0 0 0 0 9.000000 84.000000 9.000000 84.000000 9.000000 84.000000 0.0 0 
5.410521
 1 27 27 p_town_7 Poznań 4219916 0 0 4 0 0 0 0 0 -66.000000 0.000000 -66.000000 0.000000 -66.000000 0.000000 0.0 0 
1.570796
 1 28 28 p_town_8 Wrocław 4219917 0 0 4 0 0 0 0 0 -59.310000 -61.000000 -59.310000 -61.000000 -59.310000 -61.000000 0.0 0 
5.410521
 1 29 29 p_town_9 Królewiec 4219917 0 0 4 0 0 0 0 0 46.300000 101.000000 46.300000 101.000000 46.300000 101.000000 0.0 0 
2.617994
 1 30 30 p_town_10 Lwów 4219916 0 0 4 0 0 0 0 0 175.000000 -98.000000 175.000000 -98.000000 175.000000 -98.000000 0.0 0 
0.436332
 1 31 31 p_town_11 Smoleńsk 4219916 0 0 4 0 0 0 0 0 320.000000 65.000000 320.000000 65.000000 320.000000 65.000000 0.0 0 
1.047198
 1 32 32 p_town_12 Toruń 4219917 0 0 4 0 0 0 0 0 5.780000 30.170000 5.780000 30.170000 5.780000 30.170000 0.0 0 
2.356194
 1 33 33 p_town_13 Słuck 4219916 0 0 4 0 0 0 0 0 258.000000 18.000000 258.000000 18.000000 258.000000 18.000000 0.0 0 
0.785398
 1 34 34 p_town_14 Brno 4219916 0 0 4 0 0 0 0 0 -62.310000 -159.000000 -62.310000 -159.000000 -62.310000 -159.000000 0.0 0 
2.967060
 1 35 35 p_town_15 Wiedeń 4219917 0 0 4 0 0 0 0 0 -70.490000 -181.750000 -70.490000 -181.750000 -70.490000 -181.750000 0.0 0 
2.967060
 1 36 36 p_town_16 Budapeszt 4219917 0 0 4 0 0 0 0 0 11.500000 -209.000000 11.500000 -209.000000 11.500000 -209.000000 0.0 0 
1.570796
 1 37 37 p_town_17 Koszyce 4219916 0 0 4 0 0 0 0 0 95.000000 -178.000000 95.000000 -178.000000 95.000000 -178.000000 0.0 0 
2.967060
 1 38 38 p_town_18 Żytomierz 4219916 0 0 4 0 0 0 0 0 274.000000 -67.000000 274.000000 -67.000000 274.000000 -67.000000 0.0 0 
2.967060
 1 39 39 p_town_19 Petersburg 4219917 0 0 4 0 0 0 0 0 244.000000 259.000000 244.000000 259.000000 244.000000 259.000000 0.0 0 
2.967060
 1 40 40 p_town_20 Żylina 4219916 0 0 4 0 0 0 0 0 36.000000 -173.000000 36.000000 -173.000000 36.000000 -173.000000 0.0 0 
2.967060
 1 41 41 p_town_21 Debreczyn 4219916 0 0 4 0 0 0 0 0 104.000000 -234.000000 104.000000 -234.000000 104.000000 -234.000000 0.0 0 
1.047198
 1 42 42 p_town_22 Rewal 4219916 0 0 4 0 0 0 0 0 125.000000 247.000000 125.000000 247.000000 125.000000 247.000000 0.0 0 
0.436332
 1 43 43 p_town_23 Oradea 4219916 0 0 4 0 0 0 0 0 136.000000 -257.000000 136.000000 -257.000000 136.000000 -257.000000 0.0 0 
1.047198
 1 44 44 p_castle_1 Brześć 4215838 0 0 4 0 0 0 0 0 152.000000 -4.000000 152.000000 -4.000000 152.000000 -4.000000 0.0 0 
0.872665
 1 45 45 p_castle_2 Windawa 4215839 0 0 4 0 0 0 0 0 73.000000 195.000000 73.000000 195.000000 73.000000 195.000000 0.0 0 
1.308997
 1 46 46 p_castle_3 Przemyśl 4215838 0 0 4 0 0 0 0 0 104.700000 -98.000000 104.700000 -98.000000 104.700000 -98.000000 0.0 0 
1.745329
 1 47 47 p_castle_4 Goldynga 4215840 0 0 4 0 0 0 0 0 90.000000 173.000000 90.000000 173.000000 90.000000 173.000000 0.0 0 
3.141593
 1 48 48 p_castle_5 Opole 4215840 0 0 4 0 0 0 0 0 -48.700000 -80.000000 -48.700000 -80.000000 -48.700000 -80.000000 0.0 0 
1.570796
 1 49 49 p_castle_6 Konin 4215838 0 0 4 0 0 0 0 0 -6.000000 -3.100000 -6.000000 -3.100000 -6.000000 -3.100000 0.0 0 
0.959931
 1 50 50 p_castle_7 Płock 4215838 0 0 4 0 0 0 0 0 38.380000 28.700000 38.380000 28.700000 38.380000 28.700000 0.0 0 
0.785398
 1 51 51 p_castle_8 Grudziądz 4215838 0 0 4 0 0 0 0 0 6.600000 51.700000 6.600000 51.700000 6.600000 51.700000 0.0 0 
0.523599
 1 52 52 p_castle_9 Kobryń 4215838 0 0 4 0 0 0 0 0 195.000000 -22.000000 195.000000 -22.000000 195.000000 -22.000000 0.0 0 
1.745329
 1 53 53 p_castle_10 Rzeszów 4215838 0 0 4 0 0 0 0 0 77.000000 -91.000000 77.000000 -91.000000 77.000000 -91.000000 0.0 0 
1.919862
 1 54 54 p_castle_11 Bydgoszcz 4215838 0 0 4 0 0 0 0 0 -6.000000 41.000000 -6.000000 41.000000 -6.000000 41.000000 0.0 0 
1.308997
 1 55 55 p_castle_12 Kalisz 4215839 0 0 4 0 0 0 0 0 -18.000000 -32.000000 -18.000000 -32.000000 -18.000000 -32.000000 0.0 0 
1.658063
 1 56 56 p_castle_13 Koszalin 4215838 0 0 4 0 0 0 0 0 -63.000000 82.000000 -63.000000 82.000000 -63.000000 82.000000 0.0 0 
2.007129
 1 57 57 p_castle_14 Ołomuniec 4215840 0 0 4 0 0 0 0 0 -60.000000 -137.500000 -60.000000 -137.500000 -60.000000 -137.500000 0.0 0 
1.570796
 1 58 58 p_castle_15 Częstochowa 4215838 0 0 4 0 0 0 0 0 -13.000000 -64.000000 -13.000000 -64.000000 -13.000000 -64.000000 0.0 0 
4.101524
 1 59 59 p_castle_16 Olkusz 4215840 0 0 4 0 0 0 0 0 -8.000000 -92.000000 -8.000000 -92.000000 -8.000000 -92.000000 0.0 0 
0.785398
 1 60 60 p_castle_17 Zamość 4215838 0 0 4 0 0 0 0 0 132.000000 -63.000000 132.000000 -63.000000 132.000000 -63.000000 0.0 0 
0.261799
 1 61 61 p_castle_18 Poniewież 4215844 0 0 4 0 0 0 0 0 127.500000 139.000000 127.500000 139.000000 127.500000 139.000000 0.0 0 
5.235988
 1 62 62 p_castle_19 Radom 4215844 0 0 4 0 0 0 0 0 69.000000 -31.000000 69.000000 -31.000000 69.000000 -31.000000 0.0 0 
4.886922
 1 63 63 p_castle_20 Memelburg 4215838 0 0 4 0 0 0 0 0 59.000000 138.000000 59.000000 138.000000 59.000000 138.000000 0.0 0 
4.537856
 1 64 64 p_castle_21 Głogów 4215838 0 0 4 0 0 0 0 0 -70.600000 -34.000000 -70.600000 -34.000000 -70.600000 -34.000000 0.0 0 
2.094395
 1 65 65 p_castle_22 Sandomierz 4215838 0 0 4 0 0 0 0 0 62.400000 -68.400000 62.400000 -68.400000 62.400000 -68.400000 0.0 0 
4.537856
 1 66 66 p_castle_23 Preny 4215838 0 0 4 0 0 0 0 0 174.000000 83.000000 174.000000 83.000000 174.000000 83.000000 0.0 0 
1.396263
 1 67 67 p_castle_24 Żnin 4215838 0 0 4 0 0 0 0 0 -36.000000 20.000000 -36.000000 20.000000 -36.000000 20.000000 0.0 0 
4.537856
 1 68 68 p_castle_25 Kielce 4215838 0 0 4 0 0 0 0 0 42.000000 -52.000000 42.000000 -52.000000 42.000000 -52.000000 0.0 0 
0.872665
 1 69 69 p_castle_26 Nowy_Sącz 4215839 0 0 4 0 0 0 0 0 38.000000 -119.000000 38.000000 -119.000000 38.000000 -119.000000 0.0 0 
1.308997
 1 70 70 p_castle_27 Piła 4215838 0 0 4 0 0 0 0 0 -70.000000 51.000000 -70.000000 51.000000 -70.000000 51.000000 0.0 0 
1.745329
 1 71 71 p_castle_28 Słupsk 4215840 0 0 4 0 0 0 0 0 -36.000000 93.000000 -36.000000 93.000000 -36.000000 93.000000 0.0 0 
3.141593
 1 72 72 p_castle_29 Nowogródek 4215840 0 0 4 0 0 0 0 0 207.000000 45.000000 207.000000 45.000000 207.000000 45.000000 0.0 0 
1.570796
 1 73 73 p_castle_30 Białystok 4215838 0 0 4 0 0 0 0 0 139.000000 39.000000 139.000000 39.000000 139.000000 39.000000 0.0 0 
0.959931
 1 74 74 p_castle_31 Holstin 4215844 0 0 4 0 0 0 0 0 38.000000 69.000000 38.000000 69.000000 38.000000 69.000000 0.0 0 
0.785398
 1 75 75 p_castle_32 Halicz 4215838 0 0 4 0 0 0 0 0 198.000000 -127.000000 198.000000 -127.000000 198.000000 -127.000000 0.0 0 
0.523599
 1 76 76 p_castle_33 Równe 4215838 0 0 4 0 0 0 0 0 198.000000 -70.000000 198.000000 -70.000000 198.000000 -70.000000 0.0 0 
1.919862
 1 77 77 p_castle_34 Opoczno 4215838 0 0 4 0 0 0 0 0 20.000000 -25.000000 20.000000 -25.000000 20.000000 -25.000000 0.0 0 
1.308997
 1 78 78 p_castle_35 Żywiec 4215839 0 0 4 0 0 0 0 0 -26.000000 -122.000000 -26.000000 -122.000000 -26.000000 -122.000000 0.0 0 
1.658063
 1 79 79 p_castle_36 Bielawa 4215838 0 0 4 0 0 0 0 0 -81.000000 -94.000000 -81.000000 -94.000000 -81.000000 -94.000000 0.0 0 
2.007129
 1 80 80 p_castle_37 Nitra 4215840 0 0 4 0 0 0 0 0 15.000000 -188.000000 15.000000 -188.000000 15.000000 -188.000000 0.0 0 
1.570796
 1 81 81 p_castle_38 Dyneburg 4215838 0 0 4 0 0 0 0 0 173.000000 155.000000 173.000000 155.000000 173.000000 155.000000 0.0 0 
4.101524
 1 82 82 p_castle_39 Święciany 4215840 0 0 4 0 0 0 0 0 189.000000 128.000000 189.000000 128.000000 189.000000 128.000000 0.0 0 
0.785398
 1 83 83 p_castle_40 Insterburg 4215838 0 0 4 0 0 0 0 0 84.000000 94.000000 84.000000 94.000000 84.000000 94.000000 0.0 0 
0.261799
 1 84 84 p_castle_41 unused 4215838 0 0 4 0 0 0 0 0 317.000000 -36.000000 317.000000 -36.000000 317.000000 -36.000000 0.0 0 
5.235988
 1 85 85 p_castle_42 Taurogi 4215838 0 0 4 0 0 0 0 0 81.000000 125.000000 81.000000 125.000000 81.000000 125.000000 0.0 0 
4.886922
 1 86 86 p_castle_43 Mukaczewo 4215838 0 0 4 0 0 0 0 0 168.000000 -197.000000 168.000000 -197.000000 168.000000 -197.000000 0.0 0 
4.537856
 1 87 87 p_castle_44 Baranowicze 4215838 0 0 4 0 0 0 0 0 202.000000 25.000000 202.000000 25.000000 202.000000 25.000000 0.0 0 
4.537856
 1 88 88 p_castle_45 Mohylew 4215838 0 0 4 0 0 0 0 0 296.000000 40.000000 296.000000 40.000000 296.000000 40.000000 0.0 0 
4.537856
 1 89 89 p_castle_46 Pińsk 4215838 0 0 4 0 0 0 0 0 236.000000 -17.000000 236.000000 -17.000000 236.000000 -17.000000 0.0 0 
1.396263
 1 90 90 p_castle_47 Poprad 4215838 0 0 4 0 0 0 0 0 60.000000 -168.000000 60.000000 -168.000000 60.000000 -168.000000 0.0 0 
4.537856
 1 91 91 p_castle_48 Melk 4215838 0 0 4 0 0 0 0 0 -36.000000 -224.000000 -36.000000 -224.000000 -36.000000 -224.000000 0.0 0 
4.537856
 1 92 92 p_castle_49 Kamieniec_Podolski 4215838 0 0 4 0 0 0 0 0 254.000000 -143.000000 254.000000 -143.000000 254.000000 -143.000000 0.0 0 
4.537856
 1 93 93 p_castle_50 Linz 4215838 0 0 4 0 0 0 0 0 -95.000000 -184.000000 -95.000000 -184.000000 -95.000000 -184.000000 0.0 0 
4.537856
 1 94 94 p_castle_51 Witebsk 4215838 0 0 4 0 0 0 0 0 246.000000 131.000000 246.000000 131.000000 246.000000 131.000000 0.0 0 
4.537856
 1 95 95 p_castle_52 Gyor 4215838 0 0 4 0 0 0 0 0 -28.000000 -197.000000 -28.000000 -197.000000 -28.000000 -197.000000 0.0 0 
4.537856
 1 96 96 p_castle_53 Bratyslawa 4215838 0 0 4 0 0 0 0 0 -54.000000 -188.000000 -54.000000 -188.000000 -54.000000 -188.000000 0.0 0 
4.537856
 1 97 97 p_castle_54 Psków 4215838 0 0 4 0 0 0 0 0 222.000000 194.000000 222.000000 194.000000 222.000000 194.000000 0.0 0 
4.537856
 1 98 98 p_castle_55 Ostróg 4215838 0 0 4 0 0 0 0 0 230.000000 -56.000000 230.000000 -56.000000 230.000000 -56.000000 0.0 0 
4.537856
 1 99 99 p_castle_56 Rawa_Mazowiecka 4215838 0 0 4 0 0 0 0 0 28.000000 -3.000000 28.000000 -3.000000 28.000000 -3.000000 0.0 0 
4.537856
 1 100 100 p_castle_57 Tulczyn 4215838 0 0 4 0 0 0 0 0 317.000000 -128.000000 317.000000 -128.000000 317.000000 -128.000000 0.0 0 
4.537856
 1 101 101 p_castle_58 Ostrołęka 4215838 0 0 4 0 0 0 0 0 85.000000 44.000000 85.000000 44.000000 85.000000 44.000000 0.0 0 
4.537856
 1 102 102 p_castle_59 Limbazi 4215838 0 0 4 0 0 0 0 0 135.000000 205.000000 135.000000 205.000000 135.000000 205.000000 0.0 0 
4.537856
 1 103 103 p_castle_60 Połock 4215838 0 0 4 0 0 0 0 0 305.000000 103.000000 305.000000 103.000000 305.000000 103.000000 0.0 0 
4.537856
 1 104 104 p_castle_61 Wielkie_Łuki 4215838 0 0 4 0 0 0 0 0 298.000000 149.000000 298.000000 149.000000 298.000000 149.000000 0.0 0 
4.537856
 1 105 105 p_castle_62 Narwa 4215838 0 0 4 0 0 0 0 0 197.000000 250.000000 197.000000 250.000000 197.000000 250.000000 0.0 0 
4.537856
 1 106 106 p_castle_63 Juriew 4215838 0 0 4 0 0 0 0 0 166.500000 204.700000 166.500000 204.700000 166.500000 204.700000 0.0 0 
4.537856
 1 107 107 p_castle_64 Winnica 4215838 0 0 4 0 0 0 0 0 284.000000 -100.000000 284.000000 -100.000000 284.000000 -100.000000 0.0 0 
4.537856
 1 108 108 p_castle_65 Nowogród_Wielki 4215838 0 0 4 0 0 0 0 0 249.000000 211.000000 249.000000 211.000000 249.000000 211.000000 0.0 0 
4.537856
 1 109 109 p_castle_66 Homel 4215838 0 0 4 0 0 0 0 0 312.000000 -5.000000 312.000000 -5.000000 312.000000 -5.000000 0.0 0 
4.537856
 1 110 110 p_castle_67 Borysów 4215838 0 0 4 0 0 0 0 0 241.000000 78.000000 241.000000 78.000000 241.000000 78.000000 0.0 0 
4.537856
 1 111 111 p_castle_68 Nadwórna 4215838 0 0 4 0 0 0 0 0 228.000000 -120.000000 228.000000 -120.000000 228.000000 -120.000000 0.0 0 
4.537856
 1 112 112 p_castle_69 Uzhhorod 4215838 0 0 4 0 0 0 0 0 154.000000 -180.000000 154.000000 -180.000000 154.000000 -180.000000 0.0 0 
4.537856
 1 113 113 p_castle_70 Miszkolc 4215838 0 0 4 0 0 0 0 0 106.000000 -209.000000 106.000000 -209.000000 106.000000 -209.000000 0.0 0 
4.537856
 1 114 114 p_castle_71 Chełm 4215838 0 0 4 0 0 0 0 0 142.000000 -40.000000 142.000000 -40.000000 142.000000 -40.000000 0.0 0 
4.537856
 1 115 115 p_castle_72 Arad 4215838 0 0 4 0 0 0 0 0 65.000000 -252.000000 65.000000 -252.000000 65.000000 -252.000000 0.0 0 
4.537856
 1 116 116 p_castle_73 Szeged 4215838 0 0 4 0 0 0 0 0 19.000000 -240.000000 19.000000 -240.000000 19.000000 -240.000000 0.0 0 
4.537856
 1 117 117 p_castle_74 unused 4215838 0 0 4 0 0 0 0 0 317.000000 -34.000000 317.000000 -34.000000 317.000000 -34.000000 0.0 0 
4.537856
 1 118 118 p_castle_75 Mozyrz 4215838 0 0 4 0 0 0 0 0 284.000000 -29.000000 284.000000 -29.000000 284.000000 -29.000000 0.0 0 
4.537856
 1 119 119 p_village_1 Warka 2638863 0 0 4 0 0 0 0 0 78.500000 -15.800000 78.500000 -15.800000 78.500000 -15.800000 0.0 0 
2.268928
 1 120 120 p_village_2 Łowicz 2114831 0 0 4 0 0 0 0 0 44.000000 -0.500000 44.000000 -0.500000 44.000000 -0.500000 0.0 0 
2.967060
 1 121 121 p_village_3 Nieporęt 2114831 0 0 4 0 0 0 0 0 83.000000 16.000000 83.000000 16.000000 83.000000 16.000000 0.0 0 
1.745329
 1 122 122 p_village_4 Kałuszyn 2114831 0 0 4 0 0 0 0 0 106.000000 0.000000 106.000000 0.000000 106.000000 0.000000 0.0 0 
1.745329
 1 123 123 p_village_5 Nasielsk 2114831 0 0 4 0 0 0 0 0 67.000000 23.000000 67.000000 23.000000 67.000000 23.000000 0.0 0 
1.745329
 1 124 124 p_village_6 Łomża 2114831 0 0 4 0 0 0 0 0 115.000000 40.000000 115.000000 40.000000 115.000000 40.000000 0.0 0 
1.745329
 1 125 125 p_village_7 Drohiczyn 2638863 0 0 4 0 0 0 0 0 139.000000 8.000000 139.000000 8.000000 139.000000 8.000000 0.0 0 
2.967060
 1 126 126 p_village_8 Hajnówka 2114831 0 0 4 0 0 0 0 0 160.000000 18.000000 160.000000 18.000000 160.000000 18.000000 0.0 0 
2.967060
 1 127 127 p_village_9 Kraśnik 2114831 0 0 4 0 0 0 0 0 87.000000 -60.000000 87.000000 -60.000000 87.000000 -60.000000 0.0 0 
1.745329
 1 128 128 p_village_10 Parczew 2114831 0 0 4 0 0 0 0 0 121.000000 -17.000000 121.000000 -17.000000 121.000000 -17.000000 0.0 0 
1.919862
 1 129 129 p_village_11 Bełżyce 2114831 0 0 4 0 0 0 0 0 107.000000 -44.000000 107.000000 -44.000000 107.000000 -44.000000 0.0 0 
2.094395
 1 130 130 p_village_12 Chełm 2114831 0 0 4 0 0 0 0 0 145.000000 -41.000000 145.000000 -41.000000 145.000000 -41.000000 0.0 0 
1.745329
 1 131 131 p_village_13 Kowel 2114831 0 0 4 0 0 0 0 0 178.000000 -31.000000 178.000000 -31.000000 178.000000 -31.000000 0.0 0 
1.745329
 1 132 132 p_village_14 Jedrzejów 2638863 0 0 4 0 0 0 0 0 30.000000 -66.000000 30.000000 -66.000000 30.000000 -66.000000 0.0 0 
1.919862
 1 133 133 p_village_15 Bochnia 2638863 0 0 4 0 0 0 0 0 41.000000 -106.000000 41.000000 -106.000000 41.000000 -106.000000 0.0 0 
2.094395
 1 134 134 p_village_16 Polaniec 2114831 0 0 4 0 0 0 0 0 49.000000 -81.000000 49.000000 -81.000000 49.000000 -81.000000 0.0 0 
2.268928
 1 135 135 p_village_17 Miechów 2114831 0 0 4 0 0 0 0 0 12.000000 -76.000000 12.000000 -76.000000 12.000000 -76.000000 0.0 0 
2.967060
 1 136 136 p_village_18 Druskieniki 2638863 0 0 4 0 0 0 0 0 150.000000 76.000000 150.000000 76.000000 150.000000 76.000000 0.0 0 
1.745329
 1 137 137 p_village_19 Uciana 2114831 0 0 4 0 0 0 0 0 160.000000 127.000000 160.000000 127.000000 160.000000 127.000000 0.0 0 
1.919862
 1 138 138 p_village_20 Niemenczyn 2114831 0 0 4 0 0 0 0 0 216.000000 88.000000 216.000000 88.000000 216.000000 88.000000 0.0 0 
2.094395
 1 139 139 p_village_21 Kowno 2638863 0 0 4 0 0 0 0 0 132.000000 107.000000 132.000000 107.000000 132.000000 107.000000 0.0 0 
2.967060
 1 140 140 p_village_22 Szawle 2114831 0 0 4 0 0 0 0 0 107.000000 149.000000 107.000000 149.000000 107.000000 149.000000 0.0 0 
2.967060
 1 141 141 p_village_23 Kircholm 2114831 0 0 4 0 0 0 0 0 141.000000 181.000000 141.000000 181.000000 141.000000 181.000000 0.0 0 
2.967060
 1 142 142 p_village_24 Jelgava 2114831 0 0 4 0 0 0 0 0 124.000000 171.000000 124.000000 171.000000 124.000000 171.000000 0.0 0 
2.967060
 1 143 143 p_village_25 Elbląg 2114831 0 0 4 0 0 0 0 0 21.000000 78.000000 21.000000 78.000000 21.000000 78.000000 0.0 0 
0.610865
 1 144 144 p_village_26 Gdynia 2114831 0 0 4 0 0 0 0 0 3.500000 92.500000 3.500000 92.500000 3.500000 92.500000 0.0 0 
2.967060
 1 145 145 p_village_27 Wladyslawowo 2114831 0 0 4 0 0 0 0 0 2.000000 104.000000 2.000000 104.000000 2.000000 104.000000 0.0 0 
2.967060
 1 146 146 p_village_28 Tczew 2114831 0 0 4 0 0 0 0 0 7.000000 74.000000 7.000000 74.000000 7.000000 74.000000 0.0 0 
2.967060
 1 147 147 p_village_29 Gniezno 2114831 0 0 4 0 0 0 0 0 -42.000000 10.000000 -42.000000 10.000000 -42.000000 10.000000 0.0 0 
1.745329
 1 148 148 p_village_30 Oborniki 2114831 0 0 4 0 0 0 0 0 -66.000000 21.000000 -66.000000 21.000000 -66.000000 21.000000 0.0 0 
1.919862
 1 149 149 p_village_31 Grodzisk 2114831 0 0 4 0 0 0 0 0 -85.000000 -7.000000 -85.000000 -7.000000 -85.000000 -7.000000 0.0 0 
2.094395
 1 150 150 p_village_32 Legnica 2114831 0 0 4 0 0 0 0 0 -84.000000 -55.000000 -84.000000 -55.000000 -84.000000 -55.000000 0.0 0 
2.268928
 1 151 151 p_village_33 Olesnica 2638863 0 0 4 0 0 0 0 0 -54.000000 -48.000000 -54.000000 -48.000000 -54.000000 -48.000000 0.0 0 
2.967060
 1 152 152 p_village_34 Walbrzych 2114831 0 0 4 0 0 0 0 0 -86.000000 -77.000000 -86.000000 -77.000000 -86.000000 -77.000000 0.0 0 
2.967060
 1 153 153 p_village_35 Szaki 2114831 0 0 4 0 0 0 0 0 115.000000 103.000000 115.000000 103.000000 115.000000 103.000000 0.0 0 
2.967060
 1 154 154 p_village_36 village36 2114831 0 0 4 0 0 0 0 0 41.000000 -22.000000 41.000000 -22.000000 41.000000 -22.000000 0.0 0 
2.967060
 1 155 155 p_village_37 Sambor 2638863 0 0 4 0 0 0 0 0 136.000000 -100.000000 136.000000 -100.000000 136.000000 -100.000000 0.0 0 
2.967060
 1 156 156 p_village_38 Stryj 2114831 0 0 4 0 0 0 0 0 159.000000 -111.000000 159.000000 -111.000000 159.000000 -111.000000 0.0 0 
-2.059488
 1 157 157 p_village_39 Niecieszyn 2114831 0 0 4 0 0 0 0 0 199.000000 -77.000000 199.000000 -77.000000 199.000000 -77.000000 0.0 0 
1.745329
 1 158 158 p_village_40 Belz 2114831 0 0 4 0 0 0 0 0 154.000000 -70.000000 154.000000 -70.000000 154.000000 -70.000000 0.0 0 
1.745329
 1 159 159 p_village_41 Turka 2114831 0 0 4 0 0 0 0 0 129.000000 -116.000000 129.000000 -116.000000 129.000000 -116.000000 0.0 0 
1.745329
 1 160 160 p_village_42 Babrujsk 2114831 0 0 4 0 0 0 0 0 41.000000 -22.000000 41.000000 -22.000000 41.000000 -22.000000 0.0 0 
1.919862
 1 161 161 p_village_43 Maladzjechna 2114831 0 0 4 0 0 0 0 0 41.000000 -22.000000 41.000000 -22.000000 41.000000 -22.000000 0.0 0 
2.094395
 1 162 162 p_village_44 Lubicz 2638863 0 0 4 0 0 0 0 0 8.000000 37.000000 8.000000 37.000000 8.000000 37.000000 0.0 0 
2.268928
 1 163 163 p_village_45 Brzesc 2638863 0 0 4 0 0 0 0 0 313.000000 -158.000000 313.000000 -158.000000 313.000000 -158.000000 0.0 0 
2.967060
 1 164 164 p_village_46 Primorsk 2114831 0 0 4 0 0 0 0 0 32.600000 103.000000 32.600000 103.000000 32.600000 103.000000 0.0 0 
2.967060
 1 165 165 p_village_47 Frombork 2638863 0 0 4 0 0 0 0 0 28.000000 87.000000 28.000000 87.000000 28.000000 87.000000 0.0 0 
2.967060
 1 166 166 p_village_48 Gwardiejsk 2638863 0 0 4 0 0 0 0 0 37.000000 -255.000000 37.000000 -255.000000 37.000000 -255.000000 0.0 0 
2.967060
 1 167 167 p_village_49 Hodonin 2638863 0 0 4 0 0 0 0 0 -18.000000 -236.000000 -18.000000 -236.000000 -18.000000 -236.000000 0.0 0 
2.094395
 1 168 168 p_village_50 Iglawa 2638863 0 0 4 0 0 0 0 0 -59.000000 -214.000000 -59.000000 -214.000000 -59.000000 -214.000000 0.0 0 
2.268928
 1 169 169 p_village_51 Sopron 2638863 0 0 4 0 0 0 0 0 0.000000 -201.000000 0.000000 -201.000000 0.000000 -201.000000 0.0 0 
2.967060
 1 170 170 p_village_52 Hainfeld 2638863 0 0 4 0 0 0 0 0 74.000000 -194.000000 74.000000 -194.000000 74.000000 -194.000000 0.0 0 
2.967060
 1 171 171 p_village_53 Hollabrunn 2638863 0 0 4 0 0 0 0 0 111.000000 -247.000000 111.000000 -247.000000 111.000000 -247.000000 0.0 0 
2.967060
 1 172 172 p_village_54 Wagram 2638863 0 0 4 0 0 0 0 0 228.000000 -71.000000 228.000000 -71.000000 228.000000 -71.000000 0.0 0 
2.967060
 1 173 173 p_village_55 Solnok 2114840 0 0 4 0 0 0 0 0 4.000000 -229.000000 4.000000 -229.000000 4.000000 -229.000000 0.0 0 
0.174533
 1 174 174 p_village_56 Miszkolc 2114831 0 0 4 0 0 0 0 0 10.000000 -210.000000 10.000000 -210.000000 10.000000 -210.000000 0.0 0 
1.745329
 1 175 175 p_village_57 Vesprim 2114831 0 0 4 0 0 0 0 0 -27.000000 -232.000000 -27.000000 -232.000000 -27.000000 -232.000000 0.0 0 
1.919862
 1 176 176 p_village_58 wies_wegry_patrol 2638863 0 0 4 0 0 0 0 0 49.110000 -217.550000 49.110000 -217.550000 49.110000 -217.550000 0.0 0 
2.967060
 1 177 177 p_village_59 Jedrzejow 2114831 0 0 4 0 0 0 0 0 41.000000 -22.000000 41.000000 -22.000000 41.000000 -22.000000 0.0 0 
1.745329
 1 178 178 p_village_60 Suchedniow 2114831 0 0 4 0 0 0 0 0 41.000000 -22.000000 41.000000 -22.000000 41.000000 -22.000000 0.0 0 
1.919862
 1 179 179 p_village_61 Ostruda 2114831 0 0 4 0 0 0 0 0 30.000000 60.000000 30.000000 60.000000 30.000000 60.000000 0.0 0 
1.745329
 1 180 180 p_village_62 Mragowo 2114831 0 0 4 0 0 0 0 0 76.900000 74.360000 76.900000 74.360000 76.900000 74.360000 0.0 0 
1.919862
 1 181 181 p_village_63 Chelmno 2114831 0 0 4 0 0 0 0 0 41.000000 -22.000000 41.000000 -22.000000 41.000000 -22.000000 0.0 0 
2.094395
 1 182 182 p_village_64 Zakopane 2114831 0 0 4 0 0 0 0 0 41.000000 -22.000000 41.000000 -22.000000 41.000000 -22.000000 0.0 0 
2.268928
 1 183 183 p_village_65 Lubowla 2114831 0 0 4 0 0 0 0 0 41.000000 -22.000000 41.000000 -22.000000 41.000000 -22.000000 0.0 0 
2.967060
 1 184 184 p_village_66 Brzeclaw 2114831 0 0 4 0 0 0 0 0 41.000000 -22.000000 41.000000 -22.000000 41.000000 -22.000000 0.0 0 
2.967060
 1 185 185 p_village_67 Hodonin 2114831 0 0 4 0 0 0 0 0 41.000000 -22.000000 41.000000 -22.000000 41.000000 -22.000000 0.0 0 
2.967060
 1 186 186 p_village_68 Polaniec 2638863 0 0 4 0 0 0 0 0 41.000000 -22.000000 41.000000 -22.000000 41.000000 -22.000000 0.0 0 
2.967060
 1 187 187 p_village_69 Opatow 2114831 0 0 4 0 0 0 0 0 41.000000 -22.000000 41.000000 -22.000000 41.000000 -22.000000 0.0 0 
2.967060
 1 188 188 p_village_70 Mir 2114831 0 0 4 0 0 0 0 0 126.910000 -86.050000 126.910000 -86.050000 126.910000 -86.050000 0.0 0 
2.967060
 1 189 189 p_village_71 Sienno 2114831 0 0 4 0 0 0 0 0 41.000000 -22.000000 41.000000 -22.000000 41.000000 -22.000000 0.0 0 
1.745329
 1 190 190 p_village_72 Braslaw 2114831 0 0 4 0 0 0 0 0 249.000000 111.000000 249.000000 111.000000 249.000000 111.000000 0.0 0 
1.919862
 1 191 191 p_village_73 Brzezany 2114831 0 0 4 0 0 0 0 0 41.000000 -22.000000 41.000000 -22.000000 41.000000 -22.000000 0.0 0 
2.094395
 1 192 192 p_salt_mine Salt_Mine 2098621 0 0 4 0 0 0 0 0 41.000000 -22.000000 41.000000 -22.000000 41.000000 -22.000000 0.0 0 
0.000000
 1 193 193 p_wegry_camp Obóz_Powstańców_Węgierskich 2098459 0 0 22 0 0 0 0 0 66.000000 -228.670000 66.000000 -228.670000 66.000000 -228.670000 0.0 0 
0.000000
 1 194 194 p_rosja_camp Obóz_Powstańców_Rosyjskich 2098459 0 0 21 0 0 0 0 0 236.000000 -53.000000 236.000000 -53.000000 236.000000 -53.000000 0.0 0 
0.000000
 1 195 195 p_action_litwa Korona 2115008 0 0 17 0 0 0 0 0 45.000000 -33.000000 45.000000 -33.000000 45.000000 -33.000000 0.0 0 
3.490658
 1 196 196 p_action_korona Litwa 2115008 0 0 17 0 0 0 0 0 155.000000 126.000000 155.000000 126.000000 155.000000 126.000000 0.0 0 
3.490658
 1 197 197 p_action_prusy_1 Poznań 2115008 0 0 18 0 0 0 0 0 -37.000000 6.000000 -37.000000 6.000000 -37.000000 6.000000 0.0 0 
3.490658
 1 198 198 p_action_prusy_2 Toruń 2115008 0 0 18 0 0 0 0 0 56.000000 85.000000 56.000000 85.000000 56.000000 85.000000 0.0 0 
3.490658
 1 199 199 p_action_rosja_1 Słuck 2115008 0 0 17 0 0 0 0 0 225.000000 13.000000 225.000000 13.000000 225.000000 13.000000 0.0 0 
3.490658
 1 200 200 p_action_rosja_2 Żytomierz 2115008 0 0 17 0 0 0 0 0 256.000000 -76.000000 256.000000 -76.000000 256.000000 -76.000000 0.0 0 
3.490658
 1 201 201 p_action_wegry_1 Lwów 2115008 0 0 19 0 0 0 0 0 133.000000 -91.000000 133.000000 -91.000000 133.000000 -91.000000 0.0 0 
3.490658
 1 202 202 p_action_wegry_2 Lwów 2115008 0 0 19 0 0 0 0 0 24.000000 -113.000000 24.000000 -113.000000 24.000000 -113.000000 0.0 0 
3.490658
 1 203 203 p_action_end fdsfdsfd 2098459 0 0 4 0 0 0 0 0 155.000000 126.000000 155.000000 126.000000 155.000000 126.000000 0.0 0 
0.000000
 1 204 204 p_four_ways_inn Four_Ways_Inn 2098447 0 0 4 0 0 0 0 0 41.000000 -22.000000 41.000000 -22.000000 41.000000 -22.000000 0.0 0 
0.000000
 1 205 205 p_karczma_a Pod_Jelenim_Porożem 2114575 0 0 35 0 0 0 0 0 110.000000 26.000000 110.000000 26.000000 110.000000 26.000000 0.0 0 
0.000000
 1 206 206 p_karczma_b Pod_Piórem_Kogucim 2114575 0 0 35 0 0 0 0 0 84.000000 -58.000000 84.000000 -58.000000 84.000000 -58.000000 0.0 0 
0.000000
 1 207 207 p_karczma_c Ostatni_grosz 2114575 0 0 4 0 0 0 0 0 -10.000000 -18.000000 -10.000000 -18.000000 -10.000000 -18.000000 0.0 0 
0.000000
 1 208 208 p_karczma_d Karczma_Rzym 2114575 0 0 35 0 0 0 0 0 14.000000 -81.000000 14.000000 -81.000000 14.000000 -81.000000 0.0 0 
0.000000
 1 209 209 p_karczma_e Pod_Kuflem_Świętego_Anulfa 2114575 0 0 4 0 0 0 0 0 230.000000 -28.000000 230.000000 -28.000000 230.000000 -28.000000 0.0 0 
0.000000
 1 210 210 p_karczma_f Stara_Karczma 2114575 0 0 4 0 0 0 0 0 -28.000000 -178.000000 -28.000000 -178.000000 -28.000000 -178.000000 0.0 0 
0.000000
 1 211 211 p_karczma_g Pod_Kozim_Kłem 2114575 0 0 4 0 0 0 0 0 19.990000 -146.000000 19.990000 -146.000000 19.990000 -146.000000 0.0 0 
0.000000
 1 212 212 p_karczma_h Karczma_Hulanka 2114575 0 0 35 0 0 0 0 0 82.300000 9.780000 82.300000 9.780000 82.300000 9.780000 0.0 0 
0.000000
 1 213 213 p_karczma_i Pod_Wiedniem 2114575 0 0 4 0 0 0 0 0 34.400000 52.700000 34.400000 52.700000 34.400000 52.700000 0.0 0 
0.000000
 1 214 214 p_karczma_j Pod_Kielichem 2114575 0 0 4 0 0 0 0 0 62.000000 -99.000000 62.000000 -99.000000 62.000000 -99.000000 0.0 0 
0.000000
 1 215 215 p_karczma_k Wymysłów 2114575 0 0 4 0 0 0 0 0 -43.000000 -62.000000 -43.000000 -62.000000 -43.000000 -62.000000 0.0 0 
0.000000
 1 216 216 p_karczma_l Piekiełko 2114575 0 0 35 0 0 0 0 0 116.000000 -29.000000 116.000000 -29.000000 116.000000 -29.000000 0.0 0 
0.000000
 1 217 217 p_karczma_m Przekora 2114575 0 0 4 0 0 0 0 0 246.000000 34.000000 246.000000 34.000000 246.000000 34.000000 0.0 0 
0.000000
 1 218 218 p_karczma_n Zawada 2114575 0 0 4 0 0 0 0 0 137.810000 77.100000 137.810000 77.100000 137.810000 77.100000 0.0 0 
0.000000
 1 219 219 p_karczma_o Pod_Złamana_Kopią 2114575 0 0 4 0 0 0 0 0 91.000000 147.000000 91.000000 147.000000 91.000000 147.000000 0.0 0 
0.000000
 1 220 220 p_karczma_p Łapiguz 2114575 0 0 4 0 0 0 0 0 219.000000 106.000000 219.000000 106.000000 219.000000 106.000000 0.0 0 
0.000000
 1 221 221 p_karczma_r Nazłość 2114575 0 0 4 0 0 0 0 0 -100.000000 -40.000000 -100.000000 -40.000000 -100.000000 -40.000000 0.0 0 
0.000000
 1 222 222 p_karczma_t Utrata 2114575 0 0 4 0 0 0 0 0 -41.000000 68.000000 -41.000000 68.000000 -41.000000 68.000000 0.0 0 
0.000000
 1 223 223 p_karczma_u Sodoma 2114575 0 0 4 0 0 0 0 0 -56.000000 2.000000 -56.000000 2.000000 -56.000000 2.000000 0.0 0 
0.000000
 1 224 224 p_karczma_w Ucieszka 2114575 0 0 4 0 0 0 0 0 -44.000000 -36.000000 -44.000000 -36.000000 -44.000000 -36.000000 0.0 0 
0.000000
 1 225 225 p_karczma_x Gospoda_Czekaj 2114575 0 0 4 0 0 0 0 0 -35.000000 -124.000000 -35.000000 -124.000000 -35.000000 -124.000000 0.0 0 
0.000000
 1 226 226 p_karczma_y Trzy_Żubry 2114575 0 0 35 0 0 0 0 0 125.000000 -85.000000 125.000000 -85.000000 125.000000 -85.000000 0.0 0 
0.000000
 1 227 227 p_karczma_yy Mitręga 2114575 0 0 35 0 0 0 0 0 45.000000 -9.000000 45.000000 -9.000000 45.000000 -9.000000 0.0 0 
0.000000
 1 228 228 p_karczma_yyy Gospoda_Bezdenna 2114575 0 0 4 0 0 0 0 0 -16.000000 26.000000 -16.000000 26.000000 -16.000000 26.000000 0.0 0 
0.000000
 1 229 229 p_karczma_aa Gospoda_Trzy_Słowa 2114575 0 0 4 0 0 0 0 0 288.000000 -47.000000 288.000000 -47.000000 288.000000 -47.000000 0.0 0 
0.000000
 1 230 230 p_karczma_ab Karczma_Na_Przełęczy 2114575 0 0 4 0 0 0 0 0 121.920000 -130.890000 121.920000 -130.890000 121.920000 -130.890000 0.0 0 
0.000000
 1 231 231 p_karczma_ac Austeria_Kamieniecka 2114575 0 0 4 0 0 0 0 0 245.000000 -149.000000 245.000000 -149.000000 245.000000 -149.000000 0.0 0 
0.000000
 1 232 232 p_karczma_ad Pod_Czarnym_Barankiem 2114575 0 0 4 0 0 0 0 0 107.000000 -174.000000 107.000000 -174.000000 107.000000 -174.000000 0.0 0 
0.000000
 1 233 233 p_karczma_ae Gospoda_Czerwony_Rum 2114575 0 0 4 0 0 0 0 0 28.000000 -225.000000 28.000000 -225.000000 28.000000 -225.000000 0.0 0 
0.000000
 1 234 234 p_karczma_af Pod_Królową_Gęsią_Nóżką 2114575 0 0 4 0 0 0 0 0 43.000000 -174.000000 43.000000 -174.000000 43.000000 -174.000000 0.0 0 
0.000000
 1 235 235 p_karczma_ag Pod_Duńską_Koroną 2114575 0 0 4 0 0 0 0 0 89.500000 -231.000000 89.500000 -231.000000 89.500000 -231.000000 0.0 0 
0.000000
 1 236 236 p_karczma_ah Gospoda_Czarcie_Kopyto 2114575 0 0 4 0 0 0 0 0 -41.000000 -206.000000 -41.000000 -206.000000 -41.000000 -206.000000 0.0 0 
0.000000
 1 237 237 p_battlefields battlefields 2098447 0 0 4 0 0 0 0 0 41.000000 -22.000000 41.000000 -22.000000 41.000000 -22.000000 0.0 0 
0.000000
 1 238 238 p_training_ground Training_Ground 2098472 0 0 4 0 0 0 0 0 3.000000 -7.000000 3.000000 -7.000000 3.000000 -7.000000 0.0 0 
0.000000
 1 239 239 p_training_ground_1 Training_Field 2102568 0 0 4 0 0 0 0 0 -28.000000 -178.000000 -28.000000 -178.000000 -28.000000 -178.000000 0.0 0 
1.745329
 1 240 240 p_training_ground_2 Training_Field 2102568 0 0 4 0 0 0 0 0 -28.000000 -178.000000 -28.000000 -178.000000 -28.000000 -178.000000 0.0 0 
1.745329
 1 241 241 p_training_ground_3 Training_Field 2102568 0 0 4 0 0 0 0 0 -28.000000 -178.000000 -28.000000 -178.000000 -28.000000 -178.000000 0.0 0 
1.745329
 1 242 242 p_training_ground_4 Training_Field 2102568 0 0 4 0 0 0 0 0 -28.000000 -178.000000 -28.000000 -178.000000 -28.000000 -178.000000 0.0 0 
1.745329
 1 243 243 p_training_ground_5 Training_Field 2102568 0 0 4 0 0 0 0 0 -28.000000 -178.000000 -28.000000 -178.000000 -28.000000 -178.000000 0.0 0 
1.745329
 1 244 244 p_bridge_1 {!}1 541737 0 0 4 0 0 0 0 0 77.700000 -47.100000 77.700000 -47.100000 77.700000 -47.100000 0.0 0 
-2.457424
 1 245 245 p_bridge_2 {!}2 541737 0 0 4 0 0 0 0 0 50.700000 -83.700000 50.700000 -83.700000 50.700000 -83.700000 0.0 0 
0.074700
 1 246 246 p_bridge_3 {!}3 541737 0 0 4 0 0 0 0 0 0.800000 -20.600000 0.800000 -20.600000 0.800000 -20.600000 0.0 0 
1.125737
 1 247 247 p_bridge_4 {!}4 541737 0 0 4 0 0 0 0 0 23.900000 27.400000 23.900000 27.400000 23.900000 27.400000 0.0 0 
-0.089535
 1 248 248 p_bridge_5 {!}5 541737 0 0 4 0 0 0 0 0 81.360000 4.900000 81.360000 4.900000 81.360000 4.900000 0.0 0 
-1.282817
 1 249 249 p_bridge_6 {!}6 541737 0 0 4 0 0 0 0 0 90.300000 -91.300000 90.300000 -91.300000 90.300000 -91.300000 0.0 0 
-1.282817
 1 250 250 p_bridge_7 {!}7 541737 0 0 4 0 0 0 0 0 -57.700000 12.840000 -57.700000 12.840000 -57.700000 12.840000 0.0 0 
-1.117011
 1 251 251 p_bridge_8 {!}8 541737 0 0 4 0 0 0 0 0 131.800000 90.300000 131.800000 90.300000 131.800000 90.300000 0.0 0 
-1.570796
 1 252 252 p_bridge_9 {!}9 541737 0 0 4 0 0 0 0 0 110.300000 15.400000 110.300000 15.400000 110.300000 15.400000 0.0 0 
0.104720
 1 253 253 p_bridge_10 {!}10 541738 0 0 4 0 0 0 0 0 -42.280000 -122.770000 -42.280000 -122.770000 -42.280000 -122.770000 0.0 0 
-1.282817
 1 254 254 p_bridge_11 {!}11 541737 0 0 4 0 0 0 0 0 3.000000 -99.000000 3.000000 -99.000000 3.000000 -99.000000 0.0 0 
0.104720
 1 255 255 p_bridge_12 {!}12 541737 0 0 4 0 0 0 0 0 -52.500000 -68.200000 -52.500000 -68.200000 -52.500000 -68.200000 0.0 0 
-1.570796
 1 256 256 p_bridge_13 {!}13 541737 0 0 4 0 0 0 0 0 -79.000000 35.000000 -79.000000 35.000000 -79.000000 35.000000 0.0 0 
-0.308923
 1 257 257 p_bridge_14 {!}14 541737 0 0 4 0 0 0 0 0 82.590000 -120.080000 82.590000 -120.080000 82.590000 -120.080000 0.0 0 
1.162389
 1 258 258 p_bridge_15 {!}11 541737 0 0 4 0 0 0 0 0 -77.360000 -43.590000 -77.360000 -43.590000 -77.360000 -43.590000 0.0 0 
0.610865
 1 259 259 p_bridge_16 {!}12 541737 0 0 4 0 0 0 0 0 -77.670000 -31.010000 -77.670000 -31.010000 -77.670000 -31.010000 0.0 0 
-0.785398
 1 260 260 p_bridge_17 {!}13 541737 0 0 4 0 0 0 0 0 -75.450000 -189.100000 -75.450000 -189.100000 -75.450000 -189.100000 0.0 0 
0.052360
 1 261 261 p_bridge_18 {!}14 541737 0 0 4 0 0 0 0 0 101.480000 -102.580000 101.480000 -102.580000 101.480000 -102.580000 0.0 0 
-1.108284
 1 262 262 p_bridge_19 {!}14 541737 0 0 4 0 0 0 0 0 155.000000 -18.800000 155.000000 -18.800000 155.000000 -18.800000 0.0 0 
-0.933751
 1 263 263 p_bridge_20 {!}14 541737 0 0 4 0 0 0 0 0 132.430000 246.690000 132.430000 246.690000 132.430000 246.690000 0.0 0 
-0.933751
 1 264 264 p_bridge_21 {!}14 541737 0 0 4 0 0 0 0 0 136.240000 183.900000 136.240000 183.900000 136.240000 183.900000 0.0 0 
-0.584685
 1 265 265 p_bridge_22 {!}14 541737 0 0 4 0 0 0 0 0 218.200000 161.240000 218.200000 161.240000 218.200000 161.240000 0.0 0 
-0.584685
 1 266 266 p_bridge_23 {!}14 541737 0 0 4 0 0 0 0 0 278.520000 -129.000000 278.520000 -129.000000 278.520000 -129.000000 0.0 0 
-0.933751
 1 267 267 p_bridge_24 {!}14 541737 0 0 4 0 0 0 0 0 117.280000 -263.360000 117.280000 -263.360000 117.280000 -263.360000 0.0 0 
0.000000
 1 268 268 p_bridge_25 {!}14 541737 0 0 4 0 0 0 0 0 5.860000 -208.030000 5.860000 -208.030000 5.860000 -208.030000 0.0 0 
1.483530
 1 269 269 p_windmill_1 {!}1 541889 0 0 4 0 0 0 0 0 34.840000 -72.800000 34.840000 -72.800000 34.840000 -72.800000 0.0 0 
-2.457424
 1 270 270 p_windmill_2 {!}2 541889 0 0 4 0 0 0 0 0 284.000000 -61.000000 284.000000 -61.000000 284.000000 -61.000000 0.0 0 
0.074700
 1 271 271 p_windmill_3 {!}3 541889 0 0 4 0 0 0 0 0 118.000000 121.000000 118.000000 121.000000 118.000000 121.000000 0.0 0 
1.125737
 1 272 272 p_windmill_4 {!}4 541889 0 0 4 0 0 0 0 0 167.000000 -111.000000 167.000000 -111.000000 167.000000 -111.000000 0.0 0 
-0.037176
 1 273 273 p_windmill_5 {!}5 541889 0 0 4 0 0 0 0 0 281.000000 -140.000000 281.000000 -140.000000 281.000000 -140.000000 0.0 0 
1.239184
 1 274 274 p_windmill_6 {!}6 541889 0 0 4 0 0 0 0 0 90.000000 -82.000000 90.000000 -82.000000 90.000000 -82.000000 0.0 0 
-1.282817
 1 275 275 p_windmill_7 {!}7 541889 0 0 4 0 0 0 0 0 -72.000000 -76.000000 -72.000000 -76.000000 -72.000000 -76.000000 0.0 0 
-1.117011
 1 276 276 p_windmill_8 {!}7 541889 0 0 4 0 0 0 0 0 -62.000000 34.000000 -62.000000 34.000000 -62.000000 34.000000 0.0 0 
5.445427
 1 277 277 p_windmill_9 {!}7 541889 0 0 4 0 0 0 0 0 -79.000000 -11.000000 -79.000000 -11.000000 -79.000000 -11.000000 0.0 0 
3.351032
 1 278 278 p_windmill_10 {!}7 541889 0 0 4 0 0 0 0 0 -19.000000 80.000000 -19.000000 80.000000 -19.000000 80.000000 0.0 0 
-1.954769
 1 279 279 p_windmill_11 {!}7 541889 0 0 4 0 0 0 0 0 68.000000 84.000000 68.000000 84.000000 68.000000 84.000000 0.0 0 
0.209440
 1 280 280 p_windmill_12 {!}7 541889 0 0 4 0 0 0 0 0 240.000000 163.000000 240.000000 163.000000 240.000000 163.000000 0.0 0 
1.954769
 1 281 281 p_windmill_13 {!}7 541889 0 0 4 0 0 0 0 0 -15.000000 -237.000000 -15.000000 -237.000000 -15.000000 -237.000000 0.0 0 
-1.954769
 1 282 282 p_polish_guards_spawn_point polish_guards_sp 1280 0 0 4 0 0 0 0 0 77.000000 -1.000000 77.000000 -1.000000 77.000000 -1.000000 0.0 1 111 15 0 0 
0.000000
 1 283 283 p_russian_guards_spawn_point russian_guards_sp 1280 0 0 4 0 0 0 0 0 149.930000 -124.530000 149.930000 -124.530000 149.930000 -124.530000 0.0 1 111 15 0 0 
0.000000
 1 284 284 p_austrian_guards_spawn_point austrian_guards_sp 1280 0 0 4 0 0 0 0 0 62.000000 -31.000000 62.000000 -31.000000 62.000000 -31.000000 0.0 1 111 15 0 0 
0.000000
 1 285 285 p_prussian_guards_spawn_point prussian_gruards_sp 1280 0 0 4 0 0 0 0 0 -130.000000 -55.000000 -130.000000 -55.000000 -130.000000 -55.000000 0.0 1 111 15 0 0 
0.000000
 1 286 286 p_kosynierzy_lubelscy_spawn_point kosynierzy_lubelscy_sp 1280 0 0 4 0 0 0 0 0 134.000000 -56.000000 134.000000 -56.000000 134.000000 -56.000000 0.0 1 111 15 0 0 
0.000000
 1 287 287 p_kosynierzy_krakowscy_spawn_point kosynierzy_krakowscy_sp 1280 0 0 4 0 0 0 0 0 -27.000000 -62.000000 -27.000000 -62.000000 -27.000000 -62.000000 0.0 1 111 15 0 0 
0.000000
 1 288 288 p_kosynierzy_spawn_point kosynierzy_sp 1280 0 0 4 0 0 0 0 0 -27.000000 -62.000000 -27.000000 -62.000000 -27.000000 -62.000000 0.0 1 111 15 0 0 
0.000000
 1 289 289 p_kosynierzy_a_spawn_point kosynierzy_a_sp 1280 0 0 4 0 0 0 0 0 -27.000000 -62.000000 -27.000000 -62.000000 -27.000000 -62.000000 0.0 1 111 15 0 0 
0.000000
 1 290 290 p_powstancy_kosciuszkowscy_spawn_point powstancy_kosciuszkowscy_sp 1280 0 0 4 0 0 0 0 0 95.000000 53.000000 95.000000 53.000000 95.000000 53.000000 0.0 1 111 15 0 0 
0.000000
 1 291 291 p_wisnicka_straz_zamkowa_spawn_point wisnicka_straz_zamkowa_sp 1280 0 0 4 0 0 0 0 0 20.000000 -126.000000 20.000000 -126.000000 20.000000 -126.000000 0.0 1 111 15 0 0 
0.000000
 1 292 292 p_russian_cossacks_spawn_point russian_cossacks_sp 1280 0 0 4 0 0 0 0 0 223.000000 -97.000000 223.000000 -97.000000 223.000000 -97.000000 0.0 1 111 15 0 0 
0.000000
 1 293 293 p_kosciuszkowcy kosciuszkowcy_sp 1280 0 0 4 0 0 0 0 0 -41.000000 -83.000000 -41.000000 -83.000000 -41.000000 -83.000000 0.0 1 111 15 0 0 
0.000000
 1 294 294 p_looter_spawn_point {!}looter_sp 1280 0 0 2 0 0 0 0 0 26.000000 77.000000 26.000000 77.000000 26.000000 77.000000 0.0 1 111 15 0 0 
0.000000
 1 295 295 p_cossack_bandit_spawn_point the_steppes 1280 0 0 2 0 0 0 0 0 125.000000 9.000000 125.000000 9.000000 125.000000 9.000000 0.0 1 111 15 0 0 
0.000000
 1 296 296 p_taiga_bandit_spawn_point the_tundra 1280 0 0 2 0 0 0 0 0 78.000000 84.000000 78.000000 84.000000 78.000000 84.000000 0.0 1 111 15 0 0 
0.000000
 1 297 297 p_forest_bandit_spawn_point the_forests 1280 0 0 2 0 0 0 0 0 -35.000000 18.000000 -35.000000 18.000000 -35.000000 18.000000 0.0 1 111 15 0 0 
0.000000
 1 298 298 p_opryszkowie_spawn_point the_robbers 1280 0 0 2 0 0 0 0 0 -81.000000 -101.000000 -81.000000 -101.000000 -81.000000 -101.000000 0.0 1 111 4 0 60 
0.000000
 1 299 299 p_sea_raider_spawn_point_1 the_coast 1280 0 0 2 0 0 0 0 0 48.500000 110.000000 48.500000 110.000000 48.500000 110.000000 0.0 1 111 15 0 0 
0.000000
 1 300 300 p_sea_raider_spawn_point_2 the_coast 1280 0 0 2 0 0 0 0 0 -42.000000 76.700000 -42.000000 76.700000 -42.000000 76.700000 0.0 1 111 15 0 0 
0.000000
 1 301 301 p_desert_bandit_spawn_point the_deserts 1280 0 0 16 0 0 0 0 0 75.890000 -4.350000 75.890000 -4.350000 75.890000 -4.350000 0.0 1 111 15 0 0 
0.000000
 1 302 302 p_desert_bandit_spawn_point the_deserts 1280 0 0 16 0 0 0 0 0 75.890000 -4.350000 75.890000 -4.350000 75.890000 -4.350000 0.0 1 111 15 0 0 
0.000000
 1 303 303 p_spawn_points_end {!}last_spawn_point 1280 0 0 1 0 0 0 0 0 0.000000 0.000000 0.000000 0.000000 0.000000 0.000000 0.0 1 111 15 0 0 
0.000000
 1 304 304 p_1podroz_1 Training_Field 2102568 0 0 4 0 0 0 0 0 19.000000 -92.000000 19.000000 -92.000000 19.000000 -92.000000 0.0 0 
1.745329
 1 305 305 p_1podroz_2 Training_Field 2102568 0 0 4 0 0 0 0 0 29.000000 -86.000000 29.000000 -86.000000 29.000000 -86.000000 0.0 0 
1.745329
 1 306 306 p_1podroz_3 Training_Field 2102568 0 0 4 0 0 0 0 0 40.000000 -81.000000 40.000000 -81.000000 40.000000 -81.000000 0.0 0 
1.745329
 1 307 307 p_1podroz_4 Training_Field 2102568 0 0 4 0 0 0 0 0 52.000000 -76.000000 52.000000 -76.000000 52.000000 -76.000000 0.0 0 
1.745329
 1 308 308 p_1podroz_5 Training_Field 2102568 0 0 4 0 0 0 0 0 63.000000 -66.000000 63.000000 -66.000000 63.000000 -66.000000 0.0 0 
1.745329
 1 309 309 p_1podroz_6 Training_Field 2102568 0 0 4 0 0 0 0 0 68.000000 -56.000000 68.000000 -56.000000 68.000000 -56.000000 0.0 0 
1.745329
 1 310 310 p_1podroz_7 Training_Field 2102568 0 0 4 0 0 0 0 0 78.000000 -44.000000 78.000000 -44.000000 78.000000 -44.000000 0.0 0 
1.745329
 1 311 311 p_1podroz_8 Training_Field 2102568 0 0 4 0 0 0 0 0 89.000000 -49.000000 89.000000 -49.000000 89.000000 -49.000000 0.0 0 
1.745329
 1 312 312 p_1podroz_9 Training_Field 2102568 0 0 4 0 0 0 0 0 95.000000 -41.000000 95.000000 -41.000000 95.000000 -41.000000 0.0 0 
1.745329
 1 313 313 p_1podroz_10 Training_Field 2102568 0 0 4 0 0 0 0 0 108.000000 -36.000000 108.000000 -36.000000 108.000000 -36.000000 0.0 0 
1.745329
 1 314 314 p_spawn_point_wojsko1 {!}looter_sp 1472 0 0 21 0 0 0 0 0 245.000000 -52.000000 245.000000 -52.000000 245.000000 -52.000000 0.0 1 111 15 0 0 
0.000000
 1 315 315 p_spawn_point_wojsko2 {!}looter_sp 1472 0 0 21 0 0 0 0 0 248.000000 -108.000000 248.000000 -108.000000 248.000000 -108.000000 0.0 1 111 15 0 0 
0.000000
 1 316 316 p_spawn_point_wojsko3 {!}looter_sp 1472 0 0 21 0 0 0 0 0 245.000000 -30.000000 245.000000 -30.000000 245.000000 -30.000000 0.0 1 111 15 0 0 
0.000000
 1 317 317 p_spawn_point_wojsko4 {!}looter_sp 1472 0 0 21 0 0 0 0 0 276.000000 -148.000000 276.000000 -148.000000 276.000000 -148.000000 0.0 1 111 15 0 0 
0.000000
 1 318 318 p_spawn_point_wojsko5 {!}looter_sp 1472 0 0 21 0 0 0 0 0 323.000000 -81.000000 323.000000 -81.000000 323.000000 -81.000000 0.0 1 111 15 0 0 
0.000000
 1 319 319 p_spawn_point_wojsko6 {!}looter_sp 448 0 0 22 0 0 0 0 0 127.000000 -175.000000 127.000000 -175.000000 127.000000 -175.000000 0.0 1 111 15 0 0 
0.000000
 1 320 320 p_spawn_point_wojsko7 {!}looter_sp 448 0 0 22 0 0 0 0 0 155.000000 -212.000000 155.000000 -212.000000 155.000000 -212.000000 0.0 1 111 15 0 0 
0.000000
 1 321 321 p_spawn_point_wojsko8 {!}looter_sp 448 0 0 22 0 0 0 0 0 80.000000 -205.000000 80.000000 -205.000000 80.000000 -205.000000 0.0 1 111 15 0 0 
0.000000
 1 322 322 p_spawn_point_wojsko9 {!}looter_sp 448 0 0 22 0 0 0 0 0 36.000000 -216.000000 36.000000 -216.000000 36.000000 -216.000000 0.0 1 111 15 0 0 
0.000000
 1 323 323 p_spawn_point_wojsko10 {!}looter_sp 448 0 0 22 0 0 0 0 0 70.000000 -160.000000 70.000000 -160.000000 70.000000 -160.000000 0.0 1 111 15 0 0 
0.000000
 1 324 324 p_spawn_point_wojsko11 {!}looter_sp 1472 0 0 21 0 0 0 0 0 143.000000 167.000000 143.000000 167.000000 143.000000 167.000000 0.0 1 111 15 0 0 
0.000000
 1 325 325 p_spawn_point_wojsko12 {!}looter_sp 1472 0 0 21 0 0 0 0 0 156.000000 204.000000 156.000000 204.000000 156.000000 204.000000 0.0 1 111 15 0 0 
0.000000
 1 326 326 p_spawn_point_wojsko13 {!}looter_sp 1472 0 0 21 0 0 0 0 0 225.000000 211.000000 225.000000 211.000000 225.000000 211.000000 0.0 1 111 15 0 0 
0.000000
 1 327 327 p_spawn_point_wojsko14 {!}looter_sp 1472 0 0 21 0 0 0 0 0 302.000000 126.000000 302.000000 126.000000 302.000000 126.000000 0.0 1 111 15 0 0 
0.000000
 1 328 328 p_spawn_point_wojsko15 {!}looter_sp 1472 0 0 21 0 0 0 0 0 248.000000 108.000000 248.000000 108.000000 248.000000 108.000000 0.0 1 111 15 0 0 
0.000000
 1 329 329 p_spawn_point_wojsko16 {!}looter_sp 1472 0 0 21 0 0 0 0 0 260.000000 41.000000 260.000000 41.000000 260.000000 41.000000 0.0 1 111 15 0 0 
0.000000
 1 330 330 p_spawn_point_wojsko17 {!}looter_sp 1472 0 0 21 0 0 0 0 0 230.000000 -141.000000 230.000000 -141.000000 230.000000 -141.000000 0.0 1 111 15 0 0 
0.000000
 1 331 331 p_spawn_point_wojsko18 {!}looter_sp 1472 0 0 21 0 0 0 0 0 280.000000 -147.000000 280.000000 -147.000000 280.000000 -147.000000 0.0 1 111 15 0 0 
0.000000
 1 332 332 p_spawn_point_wojsko19 {!}looter_sp 1472 0 0 21 0 0 0 0 0 301.000000 -111.000000 301.000000 -111.000000 301.000000 -111.000000 0.0 1 111 15 0 0 
0.000000
 1 333 333 p_spawn_point_wojsko20 {!}looter_sp 1472 0 0 21 0 0 0 0 0 299.000000 54.000000 299.000000 54.000000 299.000000 54.000000 0.0 1 111 15 0 0 
0.000000
 1 334 334 p_spawn_point_wojsko21 {!}looter_sp 1472 0 0 22 0 0 0 0 0 6.000000 -217.000000 6.000000 -217.000000 6.000000 -217.000000 0.0 1 111 15 0 0 
0.000000
 1 335 335 p_spawn_point_wojsko22 {!}looter_sp 1472 0 0 22 0 0 0 0 0 84.000000 -184.000000 84.000000 -184.000000 84.000000 -184.000000 0.0 1 111 15 0 0 
0.000000
 1 336 336 p_spawn_point_wojsko23 {!}looter_sp 1472 0 0 22 0 0 0 0 0 22.000000 -187.000000 22.000000 -187.000000 22.000000 -187.000000 0.0 1 111 15 0 0 
0.000000
 1 337 337 p_spawn_point_wojsko24 {!}looter_sp 1472 0 0 22 0 0 0 0 0 37.000000 -218.000000 37.000000 -218.000000 37.000000 -218.000000 0.0 1 111 15 0 0 
0.000000
 1 338 338 p_spawn_point_wojsko25 {!}looter_sp 1472 0 0 22 0 0 0 0 0 1.000000 -175.000000 1.000000 -175.000000 1.000000 -175.000000 0.0 1 111 15 0 0 
0.000000
 1 339 339 p_spawn_point_wojsko26 {!}looter_sp 1472 0 0 22 0 0 0 0 0 115.000000 -240.000000 115.000000 -240.000000 115.000000 -240.000000 0.0 1 111 15 0 0 
0.000000
 1 340 340 p_spawn_point_wojsko27 {!}looter_sp 1472 0 0 22 0 0 0 0 0 130.000000 -203.000000 130.000000 -203.000000 130.000000 -203.000000 0.0 1 111 15 0 0 
0.000000
 1 341 341 p_spawn_point_wojsko28 {!}looter_sp 1472 0 0 22 0 0 0 0 0 66.000000 -156.000000 66.000000 -156.000000 66.000000 -156.000000 0.0 1 111 15 0 0 
0.000000
 1 342 342 p_spawn_point_wojsko29 {!}looter_sp 1472 0 0 22 0 0 0 0 0 108.000000 -170.000000 108.000000 -170.000000 108.000000 -170.000000 0.0 1 111 15 0 0 
0.000000
 1 343 343 p_spawn_point_wojsko30 {!}looter_sp 1472 0 0 22 0 0 0 0 0 53.000000 -251.000000 53.000000 -251.000000 53.000000 -251.000000 0.0 1 111 15 0 0 
0.000000
 1 344 344 p_spawn_point_wojsko31 {!}looter_sp 1472 0 0 22 0 0 0 0 0 58.000000 -196.000000 58.000000 -196.000000 58.000000 -196.000000 0.0 1 111 15 0 0 
0.000000
 1 345 345 p_reserved_1 {!}last_spawn_point 1280 0 0 1 0 0 0 0 0 237.000000 -72.000000 237.000000 -72.000000 237.000000 -72.000000 0.0 1 111 15 0 0 
0.000000
 1 346 346 p_reserved_2 {!}last_spawn_point 1280 0 0 1 0 0 0 0 0 135.000000 -253.000000 135.000000 -253.000000 135.000000 -253.000000 0.0 1 111 15 0 0 
0.000000
 1 347 347 p_reserved_3 {!}last_spawn_point 1280 0 0 1 0 0 0 0 0 0.000000 0.000000 0.000000 0.000000 0.000000 0.000000 0.0 1 111 15 0 0 
0.000000
 1 348 348 p_reserved_4 {!}last_spawn_point 1280 0 0 1 0 0 0 0 0 0.000000 0.000000 0.000000 0.000000 0.000000 0.000000 0.0 1 111 15 0 0 
0.000000
 1 349 349 p_reserved_5 {!}last_spawn_point 1280 0 0 1 0 0 0 0 0 0.000000 0.000000 0.000000 0.000000 0.000000 0.000000 0.0 1 111 15 0 0 
0.000000
 1 350 350 p_zasadzka_spawn_wegry_1 {!}last_spawn_point 1280 0 0 1 0 0 0 0 0 44.440000 -199.380000 44.440000 -199.380000 44.440000 -199.380000 0.0 1 111 15 0 0 
0.000000
 1 351 351 p_zasadzka_spawn_wegry_2 {!}last_spawn_point 1280 0 0 1 0 0 0 0 0 62.180000 -201.260000 62.180000 -201.260000 62.180000 -201.260000 0.0 1 111 15 0 0 
0.000000
 1 352 352 p_zasadzka_spawn_wegry_3 {!}last_spawn_point 1280 0 0 1 0 0 0 0 0 85.000000 -156.000000 85.000000 -156.000000 85.000000 -156.000000 0.0 1 111 15 0 0 
0.000000
 1 353 353 p_zasadzka_spawn_wegry_4 {!}last_spawn_point 1280 0 0 1 0 0 0 0 0 49.470000 -197.000000 49.470000 -197.000000 49.470000 -197.000000 0.0 1 111 15 0 0 
0.000000
 1 354 354 p_zasadzka_spawn_wegry_5 {!}last_spawn_point 1280 0 0 1 0 0 0 0 0 129.000000 -258.000000 129.000000 -258.000000 129.000000 -258.000000 0.0 1 111 15 0 0 
0.000000
 1 355 355 p_zasadzka_spawn_rosja_1 {!}last_spawn_point 1280 0 0 1 0 0 0 0 0 277.320000 -122.320000 277.320000 -122.320000 277.320000 -122.320000 0.0 1 111 15 0 0 
0.000000
 1 356 356 p_zasadzka_spawn_rosja_2 {!}last_spawn_point 1280 0 0 1 0 0 0 0 0 236.450000 -74.010000 236.450000 -74.010000 236.450000 -74.010000 0.0 1 111 15 0 0 
0.000000
 1 357 357 p_zasadzka_spawn_rosja_3 {!}last_spawn_point 1280 0 0 1 0 0 0 0 0 235.690000 -39.620000 235.690000 -39.620000 235.690000 -39.620000 0.0 1 111 15 0 0 
0.000000
 1 358 358 p_zasadzka_spawn_rosja_4 {!}last_spawn_point 1280 0 0 1 0 0 0 0 0 288.000000 -71.000000 288.000000 -71.000000 288.000000 -71.000000 0.0 1 111 15 0 0 
0.000000
 1 359 359 p_zasadzka_spawn_rosja_5 {!}last_spawn_point 1280 0 0 1 0 0 0 0 0 238.890000 23.560000 238.890000 23.560000 238.890000 23.560000 0.0 1 111 15 0 0 
0.000000
 1 360 360 p_zasadzka_spawn_end {!}last_spawn_point 1280 0 0 1 0 0 0 0 0 238.890000 23.560000 238.890000 23.560000 238.890000 23.560000 0.0 1 111 15 0 0 
0.000000
 1 361 361 p_qbron1 {!}last_spawn_point 542142 0 0 1 0 0 0 0 0 117.700000 -165.500000 117.700000 -165.500000 117.700000 -165.500000 0.0 0 
0.000000
 1 362 362 p_qbron2 {!}last_spawn_point 542142 0 0 1 0 0 0 0 0 126.000000 -213.000000 126.000000 -213.000000 126.000000 -213.000000 0.0 0 
0.000000
 1 363 363 p_qoboz {!}last_spawn_point 542144 0 0 1 0 0 0 0 0 236.000000 -53.000000 236.000000 -53.000000 236.000000 -53.000000 0.0 0 
0.000000
 1 364 364 p_qoboz2 {!}last_spawn_point 542144 0 0 1 0 0 0 0 0 11.500000 -209.000000 11.500000 -209.000000 11.500000 -209.000000 0.0 0 
0.000000
 1 365 365 p_qmanifest1 {!}last_spawn_point 542144 0 0 1 0 0 0 0 0 226.000000 -104.000000 226.000000 -104.000000 226.000000 -104.000000 0.0 0 
0.000000
 1 366 366 p_qmanifest2 {!}last_spawn_point 542144 0 0 1 0 0 0 0 0 226.000000 -104.000000 226.000000 -104.000000 226.000000 -104.000000 0.0 0 
0.000000
 1 367 367 p_q3zdrajcy1 {!}last_spawn_point 542144 0 0 1 0 0 0 0 0 226.000000 -104.000000 226.000000 -104.000000 226.000000 -104.000000 0.0 0 
0.000000
 1 368 368 p_q3zdrajcy2 {!}last_spawn_point 542144 0 0 1 0 0 0 0 0 226.000000 -104.000000 226.000000 -104.000000 226.000000 -104.000000 0.0 0 
0.000000
 1 369 369 p_q3zdrajcy3 {!}last_spawn_point 542144 0 0 1 0 0 0 0 0 226.000000 -104.000000 226.000000 -104.000000 226.000000 -104.000000 0.0 0 
0.000000
 1 370 370 p_quniwersal1 {!}last_spawn_point 542144 0 0 1 0 0 0 0 0 226.000000 -104.000000 226.000000 -104.000000 226.000000 -104.000000 0.0 0 
0.000000
 1 371 371 p_quniwersal2 {!}last_spawn_point 542144 0 0 1 0 0 0 0 0 226.000000 -104.000000 226.000000 -104.000000 226.000000 -104.000000 0.0 0 
0.000000
 1 372 372 p_quniwersal3 {!}last_spawn_point 542144 0 0 1 0 0 0 0 0 226.000000 -104.000000 226.000000 -104.000000 226.000000 -104.000000 0.0 0 
0.000000
 1 373 373 p_dowodca4 Wiejska_parafia 2114841 0 0 1 0 0 0 0 0 98.000000 -186.000000 98.000000 -186.000000 98.000000 -186.000000 0.0 0 
0.000000
 1 374 374 p_looters_spawn_1 {!}last_spawn_point 1280 0 0 1 0 0 0 0 0 110.000000 26.000000 110.000000 26.000000 110.000000 26.000000 0.0 1 111 15 0 0 
0.000000
 1 375 375 p_looters_spawn_b Pod_Piórem_Kogucim 1295 0 0 4 0 0 0 0 0 84.000000 -58.000000 84.000000 -58.000000 84.000000 -58.000000 0.0 0 
0.000000
 1 376 376 p_looters_spawn_c Ostatni_grosz 1295 0 0 4 0 0 0 0 0 -10.000000 -18.000000 -10.000000 -18.000000 -10.000000 -18.000000 0.0 0 
0.000000
 1 377 377 p_looters_spawn_d Karczma_Rzym 1295 0 0 4 0 0 0 0 0 14.000000 -81.000000 14.000000 -81.000000 14.000000 -81.000000 0.0 0 
0.000000
 1 378 378 p_looters_spawn_e Pod_Kuflem_Świętego_Anulfa 1295 0 0 4 0 0 0 0 0 230.000000 -28.000000 230.000000 -28.000000 230.000000 -28.000000 0.0 0 
0.000000
 1 379 379 p_looters_spawn_f Stara_Karczma 1295 0 0 4 0 0 0 0 0 -35.230000 -161.090000 -35.230000 -161.090000 -35.230000 -161.090000 0.0 0 
0.000000
 1 380 380 p_looters_spawn_g Pod_Kozim_Kłem 1295 0 0 4 0 0 0 0 0 19.710000 -147.280000 19.710000 -147.280000 19.710000 -147.280000 0.0 0 
0.000000
 1 381 381 p_looters_spawn_h Karczma_Hulanka 1295 0 0 4 0 0 0 0 0 82.300000 9.780000 82.300000 9.780000 82.300000 9.780000 0.0 0 
0.000000
 1 382 382 p_looters_spawn_i Pod_Wiedniem 1295 0 0 4 0 0 0 0 0 34.400000 52.700000 34.400000 52.700000 34.400000 52.700000 0.0 0 
0.000000
 1 383 383 p_looters_spawn_j Pod_Kielichem 1295 0 0 4 0 0 0 0 0 62.000000 -99.000000 62.000000 -99.000000 62.000000 -99.000000 0.0 0 
0.000000
 1 384 384 p_looters_spawn_k Wymysłów 1295 0 0 4 0 0 0 0 0 -43.000000 -62.000000 -43.000000 -62.000000 -43.000000 -62.000000 0.0 0 
0.000000
 1 385 385 p_looters_spawn_l Piekiełko 1295 0 0 4 0 0 0 0 0 116.000000 -29.000000 116.000000 -29.000000 116.000000 -29.000000 0.0 0 
0.000000
 1 386 386 p_looters_spawn_m Przekora 1295 0 0 4 0 0 0 0 0 254.000000 29.000000 254.000000 29.000000 254.000000 29.000000 0.0 0 
0.000000
 1 387 387 p_looters_spawn_n Zawada 1295 0 0 4 0 0 0 0 0 136.000000 77.000000 136.000000 77.000000 136.000000 77.000000 0.0 0 
0.000000
 1 388 388 p_looters_spawn_o Pod_Złamaną_Kopią 1295 0 0 4 0 0 0 0 0 63.000000 124.000000 63.000000 124.000000 63.000000 124.000000 0.0 0 
0.000000
 1 389 389 p_looters_spawn_p Łapiguz 1295 0 0 4 0 0 0 0 0 219.000000 106.000000 219.000000 106.000000 219.000000 106.000000 0.0 0 
0.000000
 1 390 390 p_looters_spawn_r Nazłość 1295 0 0 4 0 0 0 0 0 188.000000 179.000000 188.000000 179.000000 188.000000 179.000000 0.0 0 
0.000000
 1 391 391 p_looters_spawn_t Utrata 1295 0 0 4 0 0 0 0 0 -41.000000 68.000000 -41.000000 68.000000 -41.000000 68.000000 0.0 0 
0.000000
 1 392 392 p_looters_spawn_u Sodoma 1295 0 0 4 0 0 0 0 0 -56.000000 2.000000 -56.000000 2.000000 -56.000000 2.000000 0.0 0 
0.000000
 1 393 393 p_looters_spawn_w Ucieszka 1295 0 0 4 0 0 0 0 0 -44.000000 -36.000000 -44.000000 -36.000000 -44.000000 -36.000000 0.0 0 
0.000000
 1 394 394 p_looters_spawn_x Gospoda_Czekaj 1295 0 0 4 0 0 0 0 0 -35.000000 -124.000000 -35.000000 -124.000000 -35.000000 -124.000000 0.0 0 
0.000000
 1 395 395 p_looters_spawn_y Trzy_Żubry 1295 0 0 4 0 0 0 0 0 125.000000 -85.000000 125.000000 -85.000000 125.000000 -85.000000 0.0 0 
0.000000
 1 396 396 p_looters_spawn_y none 1295 0 0 4 0 0 0 0 0 138.000000 -214.000000 138.000000 -214.000000 138.000000 -214.000000 0.0 0 
0.000000
 1 397 397 p_looters_spawn_end {!}last_spawn_point 1280 0 0 1 0 0 0 0 0 0.000000 0.000000 0.000000 0.000000 0.000000 0.000000 0.0 1 111 15 0 0 
0.000000
 1 398 398 p_zbojnicy_spawn_1 {!}last_spawn_point 1280 0 0 1 0 0 0 0 0 110.000000 26.000000 110.000000 26.000000 110.000000 26.000000 0.0 1 111 15 0 0 
0.000000
 1 399 399 p_zbojnicy_spawn_b Pod_Piorem_Kogucim 1295 0 0 4 0 0 0 0 0 84.000000 -58.000000 84.000000 -58.000000 84.000000 -58.000000 0.0 0 
0.000000
 1 400 400 p_zbojnicy_spawn_c Ostatni_grosz 1295 0 0 4 0 0 0 0 0 -10.000000 -18.000000 -10.000000 -18.000000 -10.000000 -18.000000 0.0 0 
0.000000
 1 401 401 p_zbojnicy_spawn_d Karczma_Rzym 1295 0 0 4 0 0 0 0 0 14.000000 -81.000000 14.000000 -81.000000 14.000000 -81.000000 0.0 0 
0.000000
 1 402 402 p_zbojnicy_spawn_e Pod_Kuflem_Swietego_Anulfa 1295 0 0 4 0 0 0 0 0 230.000000 -28.000000 230.000000 -28.000000 230.000000 -28.000000 0.0 0 
0.000000
 1 403 403 p_zbojnicy_spawn_f Stara_Karczma 1295 0 0 4 0 0 0 0 0 -35.230000 -161.090000 -35.230000 -161.090000 -35.230000 -161.090000 0.0 0 
0.000000
 1 404 404 p_zbojnicy_spawn_g Pod_Kozim_Klem 1295 0 0 4 0 0 0 0 0 15.000000 -146.000000 15.000000 -146.000000 15.000000 -146.000000 0.0 0 
0.000000
 1 405 405 p_zbojnicy_spawn_h Karczma_Hulanka 1295 0 0 4 0 0 0 0 0 82.300000 9.780000 82.300000 9.780000 82.300000 9.780000 0.0 0 
0.000000
 1 406 406 p_zbojnicy_spawn_i Pod_Wiedniem 1295 0 0 4 0 0 0 0 0 34.400000 52.700000 34.400000 52.700000 34.400000 52.700000 0.0 0 
0.000000
 1 407 407 p_zbojnicy_spawn_j Pod_Kielichem 1295 0 0 4 0 0 0 0 0 62.000000 -99.000000 62.000000 -99.000000 62.000000 -99.000000 0.0 0 
0.000000
 1 408 408 p_zbojnicy_spawn_k Wymyslow 1295 0 0 4 0 0 0 0 0 -43.000000 -62.000000 -43.000000 -62.000000 -43.000000 -62.000000 0.0 0 
0.000000
 1 409 409 p_zbojnicy_spawn_l Piekielko 1295 0 0 4 0 0 0 0 0 116.000000 -29.000000 116.000000 -29.000000 116.000000 -29.000000 0.0 0 
0.000000
 1 410 410 p_zbojnicy_spawn_m Przekora 1295 0 0 4 0 0 0 0 0 254.000000 29.000000 254.000000 29.000000 254.000000 29.000000 0.0 0 
0.000000
 1 411 411 p_zbojnicy_spawn_n Zawada 1295 0 0 4 0 0 0 0 0 136.000000 77.000000 136.000000 77.000000 136.000000 77.000000 0.0 0 
0.000000
 1 412 412 p_zbojnicy_spawn_o Pod_Zlamana_Kopia 1295 0 0 4 0 0 0 0 0 63.000000 124.000000 63.000000 124.000000 63.000000 124.000000 0.0 0 
0.000000
 1 413 413 p_zbojnicy_spawn_p Lapiguz 1295 0 0 4 0 0 0 0 0 219.000000 106.000000 219.000000 106.000000 219.000000 106.000000 0.0 0 
0.000000
 1 414 414 p_zbojnicy_spawn_r Nazlosc 1295 0 0 4 0 0 0 0 0 -100.000000 -40.000000 -100.000000 -40.000000 -100.000000 -40.000000 0.0 0 
0.000000
 1 415 415 p_zbojnicy_spawn_t Utrata 1295 0 0 4 0 0 0 0 0 -41.000000 68.000000 -41.000000 68.000000 -41.000000 68.000000 0.0 0 
0.000000
 1 416 416 p_zbojnicy_spawn_u Sodoma 1295 0 0 4 0 0 0 0 0 -56.000000 2.000000 -56.000000 2.000000 -56.000000 2.000000 0.0 0 
0.000000
 1 417 417 p_zbojnicy_spawn_w Ucieszka 1295 0 0 4 0 0 0 0 0 -44.000000 -36.000000 -44.000000 -36.000000 -44.000000 -36.000000 0.0 0 
0.000000
 1 418 418 p_zbojnicy_spawn_x Gospoda_Czekaj 1295 0 0 4 0 0 0 0 0 -35.000000 -124.000000 -35.000000 -124.000000 -35.000000 -124.000000 0.0 0 
0.000000
 1 419 419 p_zbojnicy_spawn_y Trzy_Zubry 1295 0 0 4 0 0 0 0 0 125.000000 -85.000000 125.000000 -85.000000 125.000000 -85.000000 0.0 0 
0.000000
 1 420 420 p_zbojnicy_spawn_y none 1295 0 0 4 0 0 0 0 0 138.000000 -214.000000 138.000000 -214.000000 138.000000 -214.000000 0.0 0 
0.000000
 1 421 421 p_zbojnicy_spawn_end {!}last_spawn_point 1280 0 0 1 0 0 0 0 0 0.000000 0.000000 0.000000 0.000000 0.000000 0.000000 0.0 1 111 15 0 0 
0.000000
 1 422 422 p_przemytnicy_spawn_1 {!}last_spawn_point 1280 0 0 1 0 0 0 0 0 9.000000 -91.000000 9.000000 -91.000000 9.000000 -91.000000 0.0 1 111 15 0 0 
0.000000
 1 423 423 p_przemytnicy_spawn_b Pod_Piorem_Kogucim 1295 0 0 4 0 0 0 0 0 154.000000 99.000000 154.000000 99.000000 154.000000 99.000000 0.0 0 
0.000000
 1 424 424 p_przemytnicy_spawn_c Ostatni_grosz 1295 0 0 4 0 0 0 0 0 114.000000 187.000000 114.000000 187.000000 114.000000 187.000000 0.0 0 
0.000000
 1 425 425 p_przemytnicy_spawn_d Karczma_Rzym 1295 0 0 4 0 0 0 0 0 306.000000 -65.000000 306.000000 -65.000000 306.000000 -65.000000 0.0 0 
0.000000
 1 426 426 p_przemytnicy_spawn_e Pod_Kuflem_Swietego_Anulfa 1295 0 0 4 0 0 0 0 0 163.000000 -188.000000 163.000000 -188.000000 163.000000 -188.000000 0.0 0 
0.000000
 1 427 427 p_przemytnicy_spawn_f Stara_Karczma 1295 0 0 4 0 0 0 0 0 -79.000000 -185.000000 -79.000000 -185.000000 -79.000000 -185.000000 0.0 0 
0.000000
 1 428 428 p_przemytnicy_spawn_end {!}last_spawn_point 1280 0 0 1 0 0 0 0 0 -2.000000 -225.000000 -2.000000 -225.000000 -2.000000 -225.000000 0.0 1 111 15 0 0 
0.000000
 1 429 429 p_qinfiltracja Kryjówka 2098459 0 0 4 0 0 0 0 0 127.000000 -104.000000 127.000000 -104.000000 127.000000 -104.000000 0.0 0 
0.000000
 1 430 430 p_ataman_1 Stanica_Kozacka 2114831 0 0 4 0 0 0 0 0 -68.000000 -252.000000 -68.000000 -252.000000 -68.000000 -252.000000 0.0 0 
2.094395
 1 431 431 p_ataman_2 Stanica_Kozacka 2114831 0 0 4 0 0 0 0 0 267.000000 -45.000000 267.000000 -45.000000 267.000000 -45.000000 0.0 0 
2.094395
 1 432 432 p_ataman_3 Stanica_Kozacka 2114831 0 0 4 0 0 0 0 0 289.000000 -149.000000 289.000000 -149.000000 289.000000 -149.000000 0.0 0 
2.094395
 1 433 433 p_ataman_4 Stanica_Kozacka 2114831 0 0 4 0 0 0 0 0 264.000000 -87.000000 264.000000 -87.000000 264.000000 -87.000000 0.0 0 
2.094395
 1 434 434 p_ataman_5 Stanica_Węgierska 2114831 0 0 4 0 0 0 0 0 -68.000000 -252.000000 -68.000000 -252.000000 -68.000000 -252.000000 0.0 0 
2.094395
 1 435 435 p_ataman_6 Stanica_Węgierska 2114831 0 0 4 0 0 0 0 0 -68.000000 -252.000000 -68.000000 -252.000000 -68.000000 -252.000000 0.0 0 
2.094395
 1 436 436 p_ataman_7 Stanica_Węgierska 2114831 0 0 4 0 0 0 0 0 -68.000000 -252.000000 -68.000000 -252.000000 -68.000000 -252.000000 0.0 0 
2.094395
 1 437 437 p_wojsko_1 Obóz_Wojsk 2114842 0 0 4 0 0 0 0 0 21.600000 -73.000000 21.600000 -73.000000 21.600000 -73.000000 0.0 0 
2.094395
 1 438 438 p_wojsko_2 Obóz_Wojsk 2114842 0 0 4 0 0 0 0 0 56.280000 -18.580000 56.280000 -18.580000 56.280000 -18.580000 0.0 0 
2.094395
 1 439 439 p_wojsko_3 Obóz_Wojsk 2114842 0 0 4 0 0 0 0 0 121.000000 -3.000000 121.000000 -3.000000 121.000000 -3.000000 0.0 0 
2.094395
 1 440 440 p_wojsko_4 Obóz_Wojsk 2114842 0 0 4 0 0 0 0 0 152.000000 125.000000 152.000000 125.000000 152.000000 125.000000 0.0 0 
2.094395
 1 441 441 p_terrain_mountains Hideout 2098459 0 0 4 0 0 0 0 0 -1.000000 -143.000000 -1.000000 -143.000000 -1.000000 -143.000000 0.0 0 
0.000000
 1 442 442 p_terrain_plain Hideout 2098459 0 0 4 0 0 0 0 0 41.000000 -27.000000 41.000000 -27.000000 41.000000 -27.000000 0.0 0 
0.000000
 1 443 443 p_terrain_steppe Hideout 2098459 0 0 4 0 0 0 0 0 323.000000 -96.000000 323.000000 -96.000000 323.000000 -96.000000 0.0 0 
0.000000
 1 444 444 p_terrain_end Hideout 2098459 0 0 4 0 0 0 0 0 -1.000000 -143.000000 -1.000000 -143.000000 -1.000000 -143.000000 0.0 0 
0.000000
 1 445 445 p_qkryjowkamaruderow Kryjówka 2098459 0 0 4 0 0 0 0 0 81.000000 -244.000000 81.000000 -244.000000 81.000000 -244.000000 0.0 0 
0.000000
