triggersfile version 1
32
0.000000 12.200000 0.000000  1 31 2 144115188075855872 2  5 31 2 144115188075855872 2 520 3 1224979098644774912 360287970189641057 144115188075855958 520 3 1224979098644774913 360287970189641053 1224979098644774912 520 3 1224979098644774914 360287970189641047 1224979098644774912 1 3 936748722493063329 1224979098644774913 1224979098644774914 
0.000000 6.000000 0.000000  1 31 2 144115188075855872 2  8 31 2 144115188075855872 2 2136 3 1224979098644774912 0 10 2147483678 2 1224979098644774912 3 2133 2 144115188075855872 3 520 3 1224979098644774913 360287970189641057 144115188075855958 520 3 1224979098644774914 360287970189641053 1224979098644774913 520 3 1224979098644774915 360287970189641047 1224979098644774913 1 3 936748722493063329 1224979098644774914 1224979098644774915 
0.100000 0.000000 100000000.000000  1 37 1 0  1 1120 1 216172782113783828 
0.000000 0.000000 168.000000  0  1 1 1 936748722493063748 
0.000000 0.000000 168.000000  0  1 1 1 936748722493063749 
0.000000 0.000000 168.000000  0  1 1 1 936748722493063750 
0.000000 0.000000 168.000000  0  1 1 1 936748722493063751 
0.900000 5.000000 0.000000  2 200 1 504403158265495641 546 3 504403158265495641 31 1  12 1030 3 0 0 0 2133 2 1224979098644774912 144115188075855873 2133 2 144115188075855873 0 1 3 936748722493063428 360287970189640020 648518346341351643 2133 2 144115188075855873 1224979098644774912 526 3 1224979098644774913 504403158265495641 8 1 4 936748722493063442 144115188075857049 1 1224979098644774913 2133 2 72057594037927936 144115188075857049 2133 2 72057594037927937 1224979098644774913 500 3 360287970189640020 416 1224979098644774913 506 3 504403158265495641 31 2 2133 2 144115188075855874 1 
0.000000 7.800000 0.000000  2 32 2 144115188075855875 0 1030 3 8 5 1  16 1030 3 0 0 0 4 0 546 3 504403158265495669 130 144115188075855875 506 3 504403158265495669 130 0 1603 3 648518346341351789 256 1 1106 2 1585267068834415694 32512 5 0 546 3 504403158265495669 131 144115188075855875 1603 3 648518346341351790 256 1 506 3 504403158265495669 131 0 1106 2 1585267068834415694 32512 3 0 2133 2 144115188075855875 0 546 3 504403158265495669 130 0 546 3 504403158265495669 131 0 1 2 936748722493063863 504403158265495669 
0.000000 23.800000 0.000000  0  0 
0.000000 48.000000 0.000000  1 31 2 144115188075855959 13  4 1030 3 0 1 0 506 3 504403158265495645 31 6 2060 1 864691128455135503 2133 2 144115188075855877 360287970189641021 
5.700000 0.000000 100000000.000000  0  0 
1.000000 0.000000 0.000000  3 200 1 504403158265495605 2147483851 1 504403158265495605 2147483850 1 504403158265495605  29 526 3 1224979098644774912 504403158265495605 8 4 0 132 1 1224979098644774912 2204 2 1224979098644774913 1224979098644774912 2147483681 3 1224979098644774913 432345564227567631 432345564227567639 2133 2 1224979098644774914 8 4 0 2273 0 2133 2 1224979098644774914 5 3 0 11 1 1224979098644774915 32 2 1224979098644774915 648518346341351727 2204 2 1224979098644774916 1224979098644774915 33 3 1224979098644774916 432345564227567631 432345564227567639 2281 3 1224979098644774917 1224979098644774915 1224979098644774912 2147483678 2 1224979098644774917 1224979098644774914 4 0 31 2 144115188075856171 1 2330 2 4 1224979098644774915 1106 1 1585267068834415695 3 0 1 2 936748722493063392 1224979098644774912 2133 2 1224979098644774918 72057594037927936 1 6 936748722493063658 70 1224979098644774915 1224979098644774918 1224979098644774912 -1 3 0 5 0 1106 1 216172782113783826 1 3 936748722493063500 504403158265495605 0 3 0 
0.200000 0.000000 0.000000  64 200 1 504403158265495560 2147483852 1 504403158265495560 526 3 1224979098644774912 504403158265495560 7 526 3 1224979098644774913 504403158265495560 1 4 0 132 1 144115188075856077 4 0 130 2 144115188075856077 1224979098644774913 1232 1 144115188075856077 2105 2 144115188075855879 1 5 0 130 2 144115188075856077 1224979098644774912 1232 1 144115188075856077 2105 2 144115188075855880 1 5 0 2281 3 1224979098644774914 648518346341351424 144115188075856077 32 2 1224979098644774914 3 1641 2 144115188075856077 1224979098644774913 3 0 3 0 4 0 132 1 144115188075856078 4 0 130 2 144115188075856078 1224979098644774913 1232 1 144115188075856078 2105 2 144115188075855879 1 5 0 130 2 144115188075856078 1224979098644774912 1232 1 144115188075856078 2105 2 144115188075855880 1 5 0 2281 3 1224979098644774914 648518346341351424 144115188075856078 32 2 1224979098644774914 3 1641 2 144115188075856078 1224979098644774913 3 0 3 0 4 0 132 1 144115188075856079 4 0 130 2 144115188075856079 1224979098644774913 1232 1 144115188075856079 2105 2 144115188075855879 1 5 0 130 2 144115188075856079 1224979098644774912 1232 1 144115188075856079 2105 2 144115188075855880 1 5 0 2281 3 1224979098644774914 648518346341351424 144115188075856079 32 2 1224979098644774914 3 1641 2 144115188075856079 1224979098644774913 3 0 3 0 2133 2 1224979098644774915 144115188075855880 2105 2 1224979098644774915 144115188075855879 30 2 1224979098644774915 3 4 0 30 2 144115188075855880 3 1 2 936748722493063567 504403158265495560 5 0 31 2 144115188075855880 0 1 2 936748722493063568 504403158265495560 5 0 1 2 936748722493063566 504403158265495560 3 0  0 
0.000000 0.000000 0.000000  22 4 0 200 1 504403158265495675 546 3 504403158265495675 31 3 1025 1 360287970189641017 506 3 504403158265495675 31 4 5 0 200 1 504403158265495675 546 3 504403158265495675 31 4 526 3 1224979098644774912 504403158265495675 7 2281 3 1224979098644774913 648518346341351424 1224979098644774912 2147483680 2 1224979098644774913 3 1025 1 360287970189641017 506 3 504403158265495675 31 5 3 0 4 0 31 2 144115188075855959 12 1025 1 360287970189641025 3 0 200 1 504403158265495584 526 3 1224979098644774914 504403158265495584 8 132 1 1224979098644774914 131 1 1224979098644774914  0 
1.000000 23.000000 100000000.000000  1 31 2 144115188075857138 1  4 1 1 936748722493063920 2133 2 144115188075857259 2 2133 2 144115188075857260 -1 2133 2 144115188075857261 1 
1.000000 24.000000 0.000000  2 200 1 504403158265495644 546 3 504403158265495644 27 1  5 1100 2 648518346341351445 576460752303423517 2133 2 1224979098644774912 72057594037927936 506 3 504403158265495644 8 72057594037927936 506 3 504403158265495644 27 2 1 4 936748722493063442 1224979098644774912 14 648518346341351462 
0.300000 0.000000 0.000000  1 200 1 504403158265495644  28 4 0 546 3 504403158265495644 27 2 526 3 1224979098644774912 504403158265495644 8 2281 3 1224979098644774913 1224979098644774912 648518346341351462 2147483680 2 1224979098644774913 3 1 2 936748722493063568 504403158265495644 1 2 936748722493063570 504403158265495644 1232 1 1224979098644774912 5 0 546 3 504403158265495644 27 3 2133 2 1224979098644774914 1 1632 3 1224979098644774915 648518346341351424 360287970189641014 1632 3 1224979098644774916 648518346341351424 360287970189641015 1632 3 1224979098644774917 648518346341351424 360287970189641016 4 0 1073741855 2 1224979098644774915 0 1073741855 2 1224979098644774916 0 31 2 1224979098644774917 0 2133 2 1224979098644774914 0 3 0 4 0 31 2 1224979098644774914 1 1 2 936748722493063567 504403158265495644 5 0 1 2 936748722493063568 504403158265495644 1 2 936748722493063570 504403158265495644 3 0 3 0 
24.000000 0.000000 0.000000  0  345 2133 2 72057594037927936 144115188075857125 4 0 30 2 144115188075857238 1 1106 2 1585267068834415696 16777215 3 0 4 0 31 2 144115188075857126 1 2147483679 2 144115188075857138 1 4 0 30 2 144115188075857238 1 1106 2 1585267068834415697 16777215 3 0 6 3 1224979098644774912 360287970189639893 360287970189640100 2322 2 0 1224979098644774912 2173 2 1224979098644774913 1224979098644774912 4 0 31 2 1224979098644774913 432345564227567636 520 3 1224979098644774914 1224979098644774912 10 32 2 1224979098644774914 0 132 1 1224979098644774914 1 2 936748722493063766 1224979098644774914 2133 2 1224979098644774915 72057594037927936 1601 2 1224979098644774916 1224979098644774914 2122 3 1224979098644774917 1224979098644774916 100 2108 2 1224979098644774917 1224979098644774915 521 3 1224979098644774918 1224979098644774914 4 2133 2 72057594037927936 1224979098644774918 1106 1 1585267068834415698 4 0 31 2 1224979098644774918 7 3221225504 2 1224979098644774917 95 2147483680 2 144115188075857125 0 1105 1 1585267068834415699 5 0 2147483679 2 1224979098644774918 7 3221225504 2 1224979098644774917 60 2147483680 2 144115188075857125 0 1 3 936748722493063397 1224979098644774914 1224979098644774913 33 3 72057594037927936 648518346341351445 648518346341351543 2133 2 1224979098644774919 72057594037927936 2322 2 0 1224979098644774912 2330 2 1 72057594037927936 1 4 936748722493063442 1224979098644774914 7 1224979098644774919 5 0 2147484208 3 1224979098644774912 416 1 1 3 936748722493063800 432345564227567636 360287970189641058 4 0 31 2 72057594037927936 -1 1 3 936748722493063800 432345564227567636 360287970189641059 31 2 72057594037927936 -1 1 3 936748722493063800 432345564227567636 360287970189641060 3 0 33 3 72057594037927936 648518346341351445 648518346341351543 2133 2 1224979098644774919 72057594037927936 500 3 1224979098644774912 416 72057594037927936 2322 2 0 1224979098644774912 2330 2 1 72057594037927936 1 4 936748722493063442 1224979098644774914 1 1224979098644774919 500 3 1224979098644774912 417 1 3 0 5 0 1073741855 2 1224979098644774913 432345564227567637 31 2 1224979098644774913 432345564227567638 520 3 1224979098644774920 1224979098644774912 424 2322 2 1 1224979098644774912 30 2 1224979098644774920 648518346341351445 132 1 1224979098644774920 2330 2 2 1224979098644774920 500 3 1224979098644774912 416 -1 520 3 1224979098644774914 1224979098644774912 10 132 1 1224979098644774914 32 2 1224979098644774914 0 1 3 936748722493063324 1224979098644774914 0 2133 2 1224979098644774921 72057594037927936 4 0 1 2 936748722493063766 1224979098644774914 2133 2 1224979098644774915 72057594037927936 1601 2 1224979098644774916 1224979098644774914 2122 3 1224979098644774917 1224979098644774916 100 2108 2 1224979098644774917 1224979098644774915 521 3 1224979098644774918 1224979098644774914 4 4 0 31 2 1224979098644774918 7 2147483680 2 1224979098644774917 95 5 0 2147483679 2 1224979098644774918 7 2147483680 2 1224979098644774917 60 1 4 936748722493063442 1224979098644774914 7 1224979098644774920 5 0 521 3 1224979098644774922 1224979098644774920 54 4 0 32 2 1224979098644774922 0 132 1 1224979098644774922 1 3 936748722493063324 1224979098644774922 0 2133 2 1224979098644774923 72057594037927936 4 0 30 2 1224979098644774921 1224979098644774923 1 4 936748722493063442 1224979098644774914 10 1224979098644774922 5 0 1 4 936748722493063442 1224979098644774914 7 1224979098644774920 3 0 5 0 2322 2 0 1224979098644774912 2330 2 1 1224979098644774920 4 0 30 2 144115188075856171 1 1106 1 1585267068834415700 3 0 1 4 936748722493063442 1224979098644774914 4 1224979098644774920 3 0 3 0 3 0 3 0 3 0 5 0 31 2 144115188075857138 1 4 0 30 2 144115188075857238 1 1106 2 1585267068834415701 13902113 3 0 6 3 1224979098644774912 360287970189639893 360287970189640100 2173 2 1224979098644774913 1224979098644774912 520 3 1224979098644774914 1224979098644774912 10 132 1 1224979098644774914 32 2 1224979098644774914 0 1 3 936748722493063324 1224979098644774914 0 2133 2 1224979098644774921 72057594037927936 520 3 1224979098644774920 1224979098644774912 424 4 0 31 2 1224979098644774913 432345564227567636 1 2 936748722493063766 1224979098644774914 2133 2 1224979098644774915 72057594037927936 1601 2 1224979098644774916 1224979098644774914 2122 3 1224979098644774917 1224979098644774916 100 2108 2 1224979098644774917 1224979098644774915 521 3 1224979098644774918 1224979098644774914 4 4 0 31 2 1224979098644774918 7 2147483680 2 1224979098644774917 95 5 0 2147483679 2 1224979098644774918 7 2147483680 2 1224979098644774917 60 1 4 936748722493063442 1224979098644774914 7 1224979098644774920 5 0 1073741855 2 1224979098644774918 -1 540 3 1224979098644774912 416 -1 4 0 2147483678 2 1224979098644774920 1 2322 2 0 1224979098644774912 4 0 30 2 144115188075857238 1 1106 2 1585267068834415702 16777215 3 0 3 0 32 2 1224979098644774920 0 521 3 1224979098644774922 1224979098644774920 54 4 0 132 1 1224979098644774922 1 3 936748722493063324 1224979098644774922 0 2133 2 1224979098644774923 72057594037927936 4 0 30 2 1224979098644774921 1224979098644774923 1 4 936748722493063442 1224979098644774914 10 1224979098644774922 5 0 1 4 936748722493063442 1224979098644774914 7 1224979098644774920 3 0 5 0 2322 2 0 1224979098644774912 2330 2 1 1224979098644774920 1 4 936748722493063442 1224979098644774914 4 1224979098644774920 3 0 5 0 560 3 1224979098644774912 416 1 520 3 1224979098644774924 1224979098644774912 416 2204 2 1224979098644774913 1224979098644774924 2190 3 1224979098644774925 1224979098644774913 432345564227567636 4 0 2147483678 2 1224979098644774925 0 1 4 936748722493063442 1224979098644774914 1 1224979098644774924 5 0 500 3 1224979098644774912 416 -1 3 0 3 0 5 0 1073741855 2 1224979098644774913 432345564227567633 1073741855 2 1224979098644774913 432345564227567634 31 2 1224979098644774913 432345564227567635 32 2 1224979098644774914 0 132 1 1224979098644774914 520 3 1224979098644774926 1224979098644774912 416 2133 2 72057594037927936 1224979098644774926 2322 2 0 1224979098644774912 1 2 936748722493063766 1224979098644774914 2133 2 1224979098644774915 72057594037927936 1601 2 1224979098644774916 1224979098644774914 2122 3 1224979098644774917 1224979098644774916 100 2108 2 1224979098644774917 1224979098644774915 521 3 1224979098644774918 1224979098644774914 4 521 3 1224979098644774927 1224979098644774914 5 2133 2 72057594037927936 1224979098644774918 2133 2 72057594037927937 1224979098644774927 2322 2 0 1224979098644774912 4 0 31 2 1224979098644774918 7 2147483680 2 1224979098644774917 85 2322 2 0 1224979098644774912 2330 2 1 1224979098644774920 2133 2 72057594037927936 1224979098644774917 2133 2 72057594037927937 1224979098644774916 2133 2 72057594037927938 1224979098644774915 4 0 30 2 144115188075857238 1 1105 1 1585267068834415703 3 0 500 3 1224979098644774912 416 -1 5 0 2147483679 2 1224979098644774918 7 2147483680 2 1224979098644774917 50 1 4 936748722493063442 1224979098644774914 7 1224979098644774920 2322 2 0 1224979098644774912 2330 2 1 1224979098644774920 2133 2 72057594037927936 1224979098644774917 2133 2 72057594037927937 1224979098644774916 2133 2 72057594037927938 1224979098644774915 500 3 1224979098644774912 416 -1 4 0 30 2 144115188075857238 1 1105 1 1585267068834415704 3 0 5 0 31 2 0 1 521 3 1224979098644774922 1224979098644774920 54 4 0 132 1 1224979098644774922 1 3 936748722493063324 1224979098644774922 0 2133 2 1224979098644774923 72057594037927936 4 0 30 2 1224979098644774921 1224979098644774923 1 4 936748722493063442 1224979098644774914 10 1224979098644774922 5 0 1 4 936748722493063442 1224979098644774914 7 1224979098644774920 3 0 5 0 2133 2 72057594037927936 -1 4 0 1 3 936748722493063800 1224979098644774913 360287970189641060 4 0 30 2 144115188075857238 1 1106 2 1585267068834415705 13902113 3 0 2147483780 1 72057594037927936 1 3 936748722493063800 1224979098644774913 360287970189641059 4 0 30 2 144115188075857238 1 1106 2 1585267068834415705 13902113 3 0 2147483780 1 72057594037927936 1 3 936748722493063800 1224979098644774913 360287970189641058 4 0 30 2 144115188075857238 1 1106 2 1585267068834415705 13902113 3 0 3 0 33 3 72057594037927936 648518346341351445 648518346341351543 2133 2 1224979098644774924 72057594037927936 500 3 1224979098644774912 416 1224979098644774924 1 4 936748722493063442 1224979098644774914 1 1224979098644774924 2322 2 0 1224979098644774912 2330 2 1 1224979098644774924 4 0 30 2 144115188075857238 1 1105 1 1585267068834415706 3 0 500 3 1224979098644774912 417 1 3 0 3 0 3 0 3 0 5 0 2147483679 2 144115188075857138 1 2147483679 2 144115188075857126 1 4 0 30 2 144115188075857238 1 1106 2 1585267068834415707 16777215 3 0 6 3 1224979098644774912 360287970189639893 360287970189640100 2173 2 1224979098644774928 1224979098644774912 520 3 1224979098644774914 1224979098644774912 10 32 2 1224979098644774914 0 132 1 1224979098644774914 1 2 936748722493063766 1224979098644774914 2133 2 1224979098644774915 72057594037927936 1601 2 1224979098644774916 1224979098644774914 2122 3 1224979098644774917 1224979098644774916 100 2108 2 1224979098644774917 1224979098644774915 521 3 1224979098644774918 1224979098644774914 4 4 0 4 0 31 2 1224979098644774918 7 2147483680 2 1224979098644774917 85 500 3 1224979098644774912 416 -1 5 0 2147483679 2 1224979098644774918 7 2147483680 2 1224979098644774917 50 1 4 936748722493063442 1224979098644774914 7 1224979098644774920 500 3 1224979098644774912 416 -1 5 0 540 3 1224979098644774912 416 -1 4 0 2147483679 2 1224979098644774928 432345564227567637 2147483679 2 1224979098644774928 432345564227567638 2136 3 1224979098644774929 0 100 2147483680 2 1224979098644774929 10 2133 2 1224979098644774930 -1 2133 2 1224979098644774931 999999999 6 3 1224979098644774932 648518346341351445 648518346341351543 2204 2 1224979098644774913 1224979098644774932 2147483679 2 1224979098644774913 1224979098644774928 2190 3 1224979098644774925 1224979098644774913 1224979098644774928 2147483678 2 1224979098644774925 0 1 3 936748722493063324 1224979098644774932 0 2147483678 2 72057594037927936 1224979098644774931 2133 2 1224979098644774930 1224979098644774932 2133 2 1224979098644774931 72057594037927936 3 0 500 3 1224979098644774912 416 1224979098644774930 5 0 6 3 1224979098644774932 648518346341351445 648518346341351543 2204 2 1224979098644774913 1224979098644774932 521 3 1224979098644774922 1224979098644774932 54 4 0 31 2 1224979098644774913 1224979098644774928 132 1 1224979098644774922 1 4 936748722493063442 1224979098644774914 10 1224979098644774922 5 0 2147483679 2 1224979098644774913 1224979098644774928 541 3 1224979098644774932 20 1224979098644774928 1 4 936748722493063442 1224979098644774914 1 1224979098644774932 3 0 3 0 3 0 3 0 3 0 3 0 3 0 
0.000000 0.000000 100000000.000000  1 2147483679 2 144115188075857138 0  11 4 0 1 4 936748722493063466 432345564227567636 432345564227567633 1 1 4 936748722493063466 432345564227567636 432345564227567634 1 4 0 2147483678 2 144115188075857127 40 1 4 936748722493063466 432345564227567636 432345564227567635 1 5 0 2133 2 144115188075857264 432345564227567633 502 3 432345564227567635 170 0 3 0 3 0 
0.000000 0.000000 0.000000  14 200 1 504403158265495671 2147483850 1 504403158265495671 2147483851 1 504403158265495671 546 3 504403158265495671 31 1 526 3 1224979098644774912 504403158265495671 133 526 3 1224979098644774913 504403158265495671 1 4 0 31 2 144115188075857246 0 2133 2 144115188075857246 1 1106 2 1585267068834415708 13902113 3 0 2281 3 1224979098644774914 1224979098644774912 1224979098644774913 2147483680 2 1224979098644774914 2 1030 3 0 0 0  3 526 3 1224979098644774912 504403158265495671 1 2133 2 144115188075855979 1224979098644774912 2060 1 864691128455135485 
1.000000 28.000000 0.000000  2 200 1 504403158265495668 546 3 504403158265495668 56 0  17 2133 2 1224979098644774912 -1 526 3 1224979098644774912 504403158265495668 130 1103 1 0 1100 2 1224979098644774912 576460752303423571 2133 2 1224979098644774913 72057594037927936 2133 2 1224979098644774914 -1 2133 2 1224979098644774915 99999 6 3 1224979098644774916 648518346341351445 648518346341351468 2281 3 1224979098644774917 1224979098644774913 1224979098644774916 2147483678 2 1224979098644774917 1224979098644774915 2133 2 1224979098644774914 1224979098644774916 2133 2 1224979098644774915 1224979098644774917 3 0 526 3 1224979098644774914 504403158265495668 131 1 4 936748722493063442 1224979098644774913 7 1224979098644774914 506 3 504403158265495668 55 1224979098644774913 506 3 504403158265495668 56 1224979098644774914 
1.000000 0.000000 0.000000  1 200 1 504403158265495668  6 566 3 504403158265495668 55 1 526 3 1224979098644774912 504403158265495668 56 526 3 1224979098644774913 504403158265495668 55 2281 3 1224979098644774914 1224979098644774913 1224979098644774912 2147483680 2 1224979098644774914 2 1 2 936748722493063864 504403158265495668 
1.000000 24.000000 100000000.000000  2 200 1 504403158265495688 546 3 504403158265495688 31 3  1 2060 1 864691128455135513 
0.000000 0.000000 24.000000  0  127 2133 2 1224979098644774912 0 2133 2 1224979098644774913 100 6 3 1224979098644774914 360287970189639872 360287970189639888 110 1 1224979098644774914 2105 2 1224979098644774912 1 3 0 2106 2 1224979098644774913 1224979098644774912 2170 3 1224979098644774915 1369094286720630791 360287970189639680 2105 2 1224979098644774913 1224979098644774915 2133 2 72057594037927943 1224979098644774913 4 0 32 2 144115188075855889 0 31 2 144115188075856966 0 4 0 520 3 1224979098644774916 144115188075855889 71 110 1 144115188075855889 110 1 1224979098644774916 2133 2 144115188075855888 144115188075855889 3 0 2133 2 144115188075855889 0 3 0 6 3 1224979098644774917 360287970189639872 360287970189639888 500 3 1224979098644774917 81 0 4 0 540 3 1224979098644774917 5 1 500 3 1224979098644774917 80 1 3 0 520 3 1224979098644774918 1224979098644774917 2 4 0 31 2 1224979098644774918 11 520 3 1224979098644774919 1224979098644774917 84 2322 2 31 1224979098644774917 520 3 1224979098644774920 360287970189639680 7 2133 2 72057594037927940 1224979098644774920 2133 2 72057594037927941 1224979098644774919 32 2 1224979098644774920 1224979098644774919 500 3 1224979098644774917 77 0 500 3 1224979098644774917 69 0 500 3 1224979098644774917 2 0 3 0 4 0 560 3 1224979098644774917 150 5 540 3 1224979098644774917 151 1 520 3 1224979098644774916 1224979098644774917 144 540 3 1224979098644774916 145 0 500 3 1224979098644774916 145 1 2322 2 3 1224979098644774917 2322 2 4 1224979098644774916 4 0 31 2 144115188075856171 1 1106 1 216172782113786397 3 0 3 0 4 0 110 1 1224979098644774917 1 2 936748722493063623 1224979098644774917 2133 2 1224979098644774921 72057594037927936 4 0 2147483678 2 1224979098644774921 20 2136 3 1224979098644774922 0 100 2105 2 1224979098644774921 1224979098644774922 2147483678 2 1224979098644774921 20 2133 2 144115188075855890 1224979098644774917 3 0 520 3 1224979098644774923 1224979098644774917 77 2107 2 1224979098644774923 90 2108 2 1224979098644774923 1224979098644774913 500 3 1224979098644774917 77 1224979098644774923 520 3 1224979098644774923 1224979098644774917 69 2107 2 1224979098644774923 90 2108 2 1224979098644774923 1224979098644774913 500 3 1224979098644774917 69 1224979098644774923 4 0 1073742384 3 1224979098644774917 72 1 31 2 144115188075856966 1 520 3 1224979098644774924 1224979098644774917 71 110 1 1224979098644774924 1 4 936748722493063625 1224979098644774917 1224979098644774924 72 3 0 4 0 1073742384 3 1224979098644774917 74 1 31 2 144115188075856966 1 520 3 1224979098644774924 1224979098644774917 73 110 1 1224979098644774924 1 4 936748722493063625 1224979098644774917 1224979098644774924 74 3 0 4 0 1073742384 3 1224979098644774917 76 1 31 2 144115188075856966 1 520 3 1224979098644774924 1224979098644774917 75 110 1 1224979098644774924 520 3 1224979098644774923 1224979098644774917 77 2107 2 1224979098644774923 9 2108 2 1224979098644774923 10 500 3 1224979098644774917 77 1224979098644774923 3 0 4 0 31 2 144115188075856966 0 31 2 144115188075855888 0 31 2 144115188075856020 0 31 2 144115188075855889 0 540 3 1224979098644774917 72 0 520 3 1224979098644774916 1224979098644774917 71 110 1 1224979098644774916 2133 2 144115188075855889 1224979098644774917 3 0 4 0 31 2 144115188075855891 0 540 3 1224979098644774917 145 1 2133 2 144115188075855891 1224979098644774917 3 0 5 0 2147483758 1 1224979098644774917 31 2 1224979098644774918 5 520 3 1224979098644774925 1224979098644774917 150 4 0 32 2 1224979098644774925 0 2106 2 1224979098644774925 1 500 3 1224979098644774917 150 1224979098644774925 5 0 560 3 1224979098644774917 151 1 3221226012 3 1224979098644774917 151 8 101 1 1224979098644774917 2133 2 144115188075855892 1224979098644774917 3 0 3 0 3 0 
24.000000 0.000000 0.000000  0  11 6 3 1224979098644774912 648518346341351445 648518346341351616 2204 2 1224979098644774913 1224979098644774912 4 0 31 2 1224979098644774913 432345564227567636 521 3 1224979098644774914 1224979098644774912 410 2105 2 1224979098644774914 1 501 3 1224979098644774912 410 1224979098644774914 5 0 501 3 1224979098644774912 410 0 3 0 3 0 
1.000000 0.000000 0.000000  0  13 4 0 31 2 144115188075855893 8 2281 3 1224979098644774912 144115188075855983 144115188075855984 2147483680 2 1224979098644774912 5 2133 2 144115188075855893 9 5 0 31 2 144115188075855893 7 2281 3 1224979098644774912 144115188075855983 648518346341351424 2147483680 2 1224979098644774912 3 2147483679 2 144115188075856297 1 1655 3 1224979098644774913 144115188075855983 0 1025 2 360287970189640690 1224979098644774913 3 0 
1.000000 24.000000 0.000000  1 31 2 144115188075855893 9  2 2133 2 144115188075855893 7 1 4 936748722493063442 144115188075855983 4 648518346341351424 
0.100000 0.000000 0.000000  1 31 2 144115188075855893 7  1 1 4 936748722493063442 144115188075855983 11 648518346341351424 
1.000000 108.000000 100000000.000000  1 31 2 2 1  4 6 3 1224979098644774912 360287970189639893 360287970189640100 540 3 1224979098644774912 14 1 500 3 1224979098644774912 416 648518346341351522 3 0 
1.000000 18.000000 0.000000  1 31 2 144115188075855893 3  15 2136 3 1224979098644774912 0 100 2136 3 1224979098644774913 0 100 2133 2 72057594037927946 1224979098644774912 4 0 31 2 1224979098644774912 1224979098644774912 2133 2 144115188075855893 5 1025 1 360287970189640690 5 0 30 2 1224979098644774912 30 2147483678 2 1224979098644774913 50 2133 2 144115188075855893 4 1025 1 360287970189640690 5 0 2133 2 144115188075855893 6 3 0 
1.000000 36.000000 0.000000  1 31 2 144115188075855893 6  2 2133 2 144115188075855893 0 1106 2 1585267068834415709 16711680 
