10
5
3
6
1
11
5
2
6
2
2
2
2
2
6
6
7
6
5
6
11
15
11
3
17
3
10
2035
164
322
124
23
54
96
7
2
16
27
4
5
2
3
2
3
2
2
2
8
9
2
9
50
3
2
8
6
34
4
15
144
2
1
13
7
7
21
12
2
3
11
11
4
10
5
6
1
9
5
9
10
11
7
8
13
2
1
6
49
1
22
15
4
2
6
6
28
18
578
9
33
15
25
10
2
2
2
2
805
4
28
15
7
8
11
22
2
12
21
4
7
6
2
6
2
5
40
52
2
2
2
3
3
2
16
6
2
20
19
2
5
2
13
5
6
6
7
96
7
6
5
5
2
2
4
2
2
3
2
5
2
5
4
17
9
4
11
3
6
16
2
4
3
4
4
4
2
2
9
2
3
5
15
4
8
2
16
2
2
6
4
2
2
3
4
18
2
5
3
5
2
161
2
3
7
6
11
11
11
5
4
2
19
3
2
8
4
18
4
2
6
5
5
5
9
4
9
3
3
9
13
7
197
2
5
2
8
2
2
2
16
4
2
5
2
6
4
4
4
4
4
25
2
2
4
6
3
3
2
6
2
3
3
4
4
4
23
17
4
2
2
2
3
2
1
1
2
9
10
3
2
2
2
2
40
3
5
3
2
3
10
3
2
35
5
17
5
5
17
2
448
2
2
24
23
6
8
6
4
12
2
3
9
18
4
3
19
2
2
16
5
2
18
5
7
12
10
2
151
2
63
3
63
2
2
3
64
39
6
5
7
12
29
5
2
7
4
2
3
2
2
2
9
2
2
2
3
8
3
2
3
6
5
4
8
14
2
13
3
3
3
12
4
5
2
8
2
2
5
4
4
3
3
2
3
2
3
8
2
7
2
3
2
4
17
5
5
5
5
5
5
5
11
2
9
5
4
11
4
7
2
2
2
6
2
5
2
2
12
2
3
3
3
13
3
14
22
5
38
4
565
3
2
5
3
3
2
3
4
3
4
1
4
4
61
3
17
12
11
21
21
21
21
21
23
24
21
6
2
2
2
2
6
6
3
2
2
2
3
2
2
2
2
23
17
6
3
3
1
1
1
1
1
1
1
7
25
31
146
2
49
46
7
8
181
77
13
18
19
16
14
16
9
3
10
4
3
10
4
9
11
4
7
2
17
16
5
17
4
4
4
4
4
4
13
6
6
3
3
2
2
3
6
18
17
5
3
6
5
2
3
8
2
2
2
2
2
2
6
3
13
2
2
2
2
2
2
2
2
2
6
25
3
3
3
3
3
2
14
2
2
2
2
2
2
2
9
2
2
2
2
2
2
9
286
9
3
17
9
2
2
21
2
2
3
3
2
2
2
7
13
38
36
9
5
36
10
7
12
3
2
2
2
10
4
13
3
14
2
13
2
3
9
7
2
2
5
3
2
1
11
6
8
2
4
14
7
3
3
3
3
3
3
3
8
8
8
8
8
8
8
8
8
7
7
7
2
2
2
2
2
2
2
2
2
3
4
3
5
4
4
4
4
4
4
6
6
5
5
4
4
4
4
4
4
4
9
7
10
4
4
4
11
4
4
4
4
4
4
4
4
4
4
4
4
4
12
4
4
4
4
4
33
4
4
2
3
4
4
7
3
7
3
4
3
2
2
4
15
7
7
7
7
7
7
7
7
7
4
4
8
2
2
2
2
4
3
3
3
3
3
3
3
3
3
6
5
5
2
2
2
2
2
40
24
7
4
2
5
2
2
5
5
19
13
14
8
6
5
2
4
3
4
4
4
5
5
7
5
5
5
4
4
5
4
4
4
2
15
4
4
4
4
4
4
2
3
4
4
3
3
5
2
4
3
3
4
4
3
3
2
4
4
2
2
5
3
4
4
4
4
3
3
3
3
3
3
3
4
4
3
3
3
3
3
3
4
4
3
3
3
3
4
4
3
3
3
3
4
4
3
3
3
3
4
4
3
3
16
3
5
4
4
2
3
3
2
6
6
6
6
6
6
6
6
6
20
20
20
20
20
20
20
20
20
19
19
19
19
19
19
19
19
19
2
14
5
5
5
5
14
5
5
5
5
14
5
5
5
5
14
5
5
5
5
14
5
5
5
5
14
5
5
5
5
14
5
5
5
5
14
5
5
5
5
14
5
5
5
5
10
8
8
8
5
5
5
5
3
3
3
3
3
3
3
4
4
4
4
4
4
4
4
4
4
4
4
6
6
7
6
6
5
5
5
10
4
112
5
113
5
113
4
112
4
112
5
113
4
112
4
112
168
168
168
168
168
114
115
168
6
6
7
5
3
3
3
3
7
7
7
6
4
4
3
3
4
3
7
3
2
6
2
4
24
2
4
4
7
6
11
13
3
14
10
6
6
5
6
5
6
8
3
4
1
1
1
1
1
1
1
1
1
1
5
4
9
4
2
4
4
2
2
2
2
2
3
2
2
3
5
6
5
3
6
5
4
5
5
5
4
6
3
2
3
13
2
2
2
3
2
3
2
2
32
13
20
20
2
2
9
6
19
19
25
25
19
8
4
6
6
6
6
4
23
8
9
5
5
6
11
10
10
2
2
20
141
31
5
12
3
10
1
1
1
2
2
12
12
8
8
2
2
2
4
19
36
33
8
3
3
2
9
2
2
2
2
2
3
5
2
4
2
4
7
2
2
2
23
2
2
3
9
23
3
3
3
4
3
4
2
3
3
5
2
3
3
14
13
4
4
5
4
2
6
6
5
2
3
7
2
5
3
3
10
2
4
3
3
2
3
2
2
2
2
5
5
8
7
2
3
3
5
5
2
28
3
5
2
3
2
3
2
2
2
2
2
3
22
2
5
3
4
2
9
89
12
3
3
2
8
15
7
28
4
6
2
30
5
2
3
61
76
5
28
2
4
19
5
6
16
3
7
3
2
2
2
2
3
1
3
3
3
7
4
6
9
6
5
5
6
5
5
4
2
4
5
1
1
4
1
1
1
1
6
1
5
4
3
6
1
1
1
2
58
27
5
2
2
2
6
2
3
2
3
2
2
10
12
12
9
3
3
3
3
2
1
5
2
62
62
3
13
5
5
5
9
9
9
9
13
13
5
9
25
25
9
149
6
2
4
4
1
3
2
2
2
4
4
4
4
6
24
2
1
242
5
61
15
5
3
31
3
14
3
1
4
4
3
3
2
1
1
122
5
