14
skybox_cloud_1 16 179 52 0.85 pfx_sunny
 1.8348 1.6819 1.5012  0 0 0  0.060235 0.088471 0.167529  300 4287406765
skybox_cloud_1 536870928 179 52 0.85 pfx_sunny
 1.8348 1.6819 1.5012  0 0 0  0.053961 0.079255 0.150078  300 4287406765
skybox_cloud_2 32 180 19.17 0.4 pfx_cloudy
 0.72 0.68 0.6  0 0 0  0.12549 0.145882 0.241569  120 4284510352
skybox_cloud_2 536870944 180 19.17 0.4 pfx_cloudy
 0.72 0.68 0.6  0 0 0  0.12549 0.145882 0.241569  120 4284510352
skybox_cloud_2 268435504 180 19.17 0.4 pfx_overcast
 0.4 0.35 0.31  0 0 0  0.196078 0.235294 0.403922  120 4284510352
skybox_cloud_2 805306416 180 19.17 0.4 pfx_overcast
 0.4 0.35 0.31  0 0 0  0.196078 0.235294 0.403922  120 4284510352
skybox_night_1 18 152 38 0 pfx_night
 0.066667 0.082353 0.105882  0 0 0  0.017647 0.017647 0.052941  500 4279574581
skybox_night_1 536870930 152 38 0 pfx_night
 0.066667 0.082353 0.105882  0 0 0  0.017647 0.017647 0.052941  500 4279574581
skybox_night_2 50 152 38 0 pfx_night
 0.066667 0.082353 0.105882  0 0 0  0.017647 0.017647 0.052941  500 4279574581
skybox_night_2 536870962 152 38 0 pfx_night
 0.066667 0.082353 0.105882  0 0 0  0.017647 0.017647 0.052941  500 4279574581
skybox_sunset_1 17 180 9.146 0.7 pfx_sunset
 1.045455 0.545455 0.168182  0 0 0  0.069048 0.1 0.190476  150 4287197794
skybox_sunset_1 536870929 180 9.146 0.7 pfx_sunset
 1.045455 0.545455 0.168182  0 0 0  0.069048 0.1 0.190476  150 4287197794
skybox_clearday 0 179 80 0.95 pfx_sunny
 1.3068 1.1979 1.0692  0 0 0  0.060235 0.088471 0.167529  300 4287406765
skybox_clearday 536870912 179 80 0.95 pfx_sunny
 1.3068 1.1979 1.0692  0 0 0  0.053961 0.079255 0.150078  300 4287406765
